#Intensity_unit=counts
#Attenuator_coefficient=1.0000
5.0000 16266.0000
5.0200 16344.0000
5.0400 16174.0000
5.0600 16289.0000
5.0800 16154.0000
5.1000 16333.0000
5.1200 16169.0000
5.1400 16048.0000
5.1600 16384.0000
5.1800 16174.0000
5.2000 16254.0000
5.2200 16011.0000
5.2400 16200.0000
5.2600 15959.0000
5.2800 15932.0000
5.3000 16046.0000
5.3200 16195.0000
5.3400 16074.0000
5.3600 15895.0000
5.3800 15923.0000
5.4000 15835.0000
5.4200 15923.0000
5.4400 15886.0000
5.4600 15837.0000
5.4800 15746.0000
5.5000 15738.0000
5.5200 15771.0000
5.5400 15756.0000
5.5600 15816.0000
5.5800 15942.0000
5.6000 15757.0000
5.6200 15706.0000
5.6400 15864.0000
5.6600 15587.0000
5.6800 15946.0000
5.7000 15824.0000
5.7200 15842.0000
5.7400 15645.0000
5.7600 15608.0000
5.7800 15598.0000
5.8000 15458.0000
5.8200 15527.0000
5.8400 15374.0000
5.8600 15636.0000
5.8800 15206.0000
5.9000 15269.0000
5.9200 15279.0000
5.9400 15343.0000
5.9600 15263.0000
5.9800 15292.0000
6.0000 15243.0000
6.0200 15135.0000
6.0400 15381.0000
6.0600 14891.0000
6.0800 15265.0000
6.1000 15383.0000
6.1200 15110.0000
6.1400 15315.0000
6.1600 15047.0000
6.1800 15311.0000
6.2000 15124.0000
6.2200 15175.0000
6.2400 15138.0000
6.2600 15069.0000
6.2800 15157.0000
6.3000 15058.0000
6.3200 14790.0000
6.3400 14908.0000
6.3600 14953.0000
6.3800 15003.0000
6.4000 15055.0000
6.4200 14757.0000
6.4400 14910.0000
6.4600 14891.0000
6.4800 14875.0000
6.5000 14845.0000
6.5200 14717.0000
6.5400 14808.0000
6.5600 14632.0000
6.5800 14778.0000
6.6000 14762.0000
6.6200 14862.0000
6.6400 14815.0000
6.6600 14571.0000
6.6800 14611.0000
6.7000 14668.0000
6.7200 14679.0000
6.7400 14596.0000
6.7600 14548.0000
6.7800 14588.0000
6.8000 14395.0000
6.8200 14572.0000
6.8400 14279.0000
6.8600 14409.0000
6.8800 14240.0000
6.9000 14397.0000
6.9200 14355.0000
6.9400 14371.0000
6.9600 14554.0000
6.9800 14103.0000
7.0000 14336.0000
7.0200 14329.0000
7.0400 14247.0000
7.0600 14330.0000
7.0800 14182.0000
7.1000 14331.0000
7.1200 14147.0000
7.1400 14220.0000
7.1600 14278.0000
7.1800 14273.0000
7.2000 14191.0000
7.2200 14105.0000
7.2400 14060.0000
7.2600 14142.0000
7.2800 14013.0000
7.3000 14104.0000
7.3200 13992.0000
7.3400 13771.0000
7.3600 13854.0000
7.3800 14101.0000
7.4000 13797.0000
7.4200 13814.0000
7.4400 14093.0000
7.4600 13979.0000
7.4800 13836.0000
7.5000 13942.0000
7.5200 13787.0000
7.5400 13732.0000
7.5600 13773.0000
7.5800 13911.0000
7.6000 13629.0000
7.6200 13693.0000
7.6400 13736.0000
7.6600 13740.0000
7.6800 13475.0000
7.7000 13486.0000
7.7200 13603.0000
7.7400 13612.0000
7.7600 13615.0000
7.7800 13715.0000
7.8000 13661.0000
7.8200 13701.0000
7.8400 13428.0000
7.8600 13530.0000
7.8800 13417.0000
7.9000 13375.0000
7.9200 13403.0000
7.9400 13353.0000
7.9600 13391.0000
7.9800 13316.0000
8.0000 13565.0000
8.0200 13216.0000
8.0400 13200.0000
8.0600 13366.0000
8.0800 13333.0000
8.1000 13291.0000
8.1200 13222.0000
8.1400 13364.0000
8.1600 13140.0000
8.1800 13280.0000
8.2000 13160.0000
8.2200 13220.0000
8.2400 13047.0000
8.2600 13267.0000
8.2800 13040.0000
8.3000 13069.0000
8.3200 13069.0000
8.3400 13161.0000
8.3600 13172.0000
8.3800 13162.0000
8.4000 13061.0000
8.4200 12884.0000
8.4400 13242.0000
8.4600 13033.0000
8.4800 13025.0000
8.5000 12996.0000
8.5200 13006.0000
8.5400 12863.0000
8.5600 12938.0000
8.5800 12848.0000
8.6000 12894.0000
8.6200 12807.0000
8.6400 13058.0000
8.6600 12828.0000
8.6800 12811.0000
8.7000 12694.0000
8.7200 12728.0000
8.7400 12730.0000
8.7600 12853.0000
8.7800 12708.0000
8.8000 12692.0000
8.8200 12792.0000
8.8400 12629.0000
8.8600 12841.0000
8.8800 12838.0000
8.9000 12634.0000
8.9200 12765.0000
8.9400 12804.0000
8.9600 12669.0000
8.9800 12668.0000
9.0000 12626.0000
9.0200 12534.0000
9.0400 12644.0000
9.0600 12616.0000
9.0800 12447.0000
9.1000 12604.0000
9.1200 12563.0000
9.1400 12537.0000
9.1600 12414.0000
9.1800 12236.0000
9.2000 12275.0000
9.2200 12233.0000
9.2400 12223.0000
9.2600 12604.0000
9.2800 12252.0000
9.3000 12404.0000
9.3200 12405.0000
9.3400 12309.0000
9.3600 12356.0000
9.3800 12051.0000
9.4000 12384.0000
9.4200 12314.0000
9.4400 12257.0000
9.4600 12333.0000
9.4800 12310.0000
9.5000 12137.0000
9.5200 12417.0000
9.5400 12253.0000
9.5600 12014.0000
9.5800 12083.0000
9.6000 12211.0000
9.6200 12302.0000
9.6400 12083.0000
9.6600 12014.0000
9.6800 12212.0000
9.7000 12090.0000
9.7200 12121.0000
9.7400 12167.0000
9.7600 12108.0000
9.7800 12001.0000
9.8000 12091.0000
9.8200 12038.0000
9.8400 11946.0000
9.8600 11756.0000
9.8800 11983.0000
9.9000 11971.0000
9.9200 12025.0000
9.9400 11960.0000
9.9600 12031.0000
9.9800 11911.0000
10.0000 12000.0000
10.0200 11998.0000
10.0400 11870.0000
10.0600 11974.0000
10.0800 12001.0000
10.1000 11948.0000
10.1200 11890.0000
10.1400 11968.0000
10.1600 11894.0000
10.1800 11643.0000
10.2000 11711.0000
10.2200 11775.0000
10.2400 11813.0000
10.2600 11617.0000
10.2800 11675.0000
10.3000 11931.0000
10.3200 11688.0000
10.3400 11655.0000
10.3600 11682.0000
10.3800 11685.0000
10.4000 11744.0000
10.4200 11690.0000
10.4400 11619.0000
10.4600 11709.0000
10.4800 11921.0000
10.5000 11729.0000
10.5200 11599.0000
10.5400 11735.0000
10.5600 11624.0000
10.5800 11652.0000
10.6000 11569.0000
10.6200 11534.0000
10.6400 11562.0000
10.6600 11751.0000
10.6800 11536.0000
10.7000 11521.0000
10.7200 11416.0000
10.7400 11349.0000
10.7600 11373.0000
10.7800 11734.0000
10.8000 11366.0000
10.8200 11507.0000
10.8400 11607.0000
10.8600 11517.0000
10.8800 11528.0000
10.9000 11520.0000
10.9200 11436.0000
10.9400 11549.0000
10.9600 11372.0000
10.9800 11433.0000
11.0000 11469.0000
11.0200 11549.0000
11.0400 11502.0000
11.0600 11509.0000
11.0800 11195.0000
11.1000 11376.0000
11.1200 11422.0000
11.1400 11387.0000
11.1600 11228.0000
11.1800 11312.0000
11.2000 11482.0000
11.2200 11423.0000
11.2400 11208.0000
11.2600 11324.0000
11.2800 11280.0000
11.3000 11280.0000
11.3200 11464.0000
11.3400 11249.0000
11.3600 11327.0000
11.3800 11212.0000
11.4000 11275.0000
11.4200 11188.0000
11.4400 11385.0000
11.4600 11311.0000
11.4800 11144.0000
11.5000 11151.0000
11.5200 11130.0000
11.5400 11287.0000
11.5600 11373.0000
11.5800 11040.0000
11.6000 11241.0000
11.6200 11186.0000
11.6400 11136.0000
11.6600 11025.0000
11.6800 11011.0000
11.7000 11029.0000
11.7200 11127.0000
11.7400 10998.0000
11.7600 11045.0000
11.7800 11177.0000
11.8000 11217.0000
11.8200 11153.0000
11.8400 11102.0000
11.8600 11204.0000
11.8800 11034.0000
11.9000 11209.0000
11.9200 11094.0000
11.9400 11059.0000
11.9600 10916.0000
11.9800 11110.0000
12.0000 11120.0000
12.0200 10990.0000
12.0400 10997.0000
12.0600 10938.0000
12.0800 11015.0000
12.1000 10993.0000
12.1200 10957.0000
12.1400 11000.0000
12.1600 10953.0000
12.1800 10907.0000
12.2000 11010.0000
12.2200 10895.0000
12.2400 10931.0000
12.2600 11139.0000
12.2800 10863.0000
12.3000 10780.0000
12.3200 11014.0000
12.3400 10861.0000
12.3600 10791.0000
12.3800 10926.0000
12.4000 10874.0000
12.4200 10953.0000
12.4400 10942.0000
12.4600 11087.0000
12.4800 10946.0000
12.5000 11057.0000
12.5200 10644.0000
12.5400 10989.0000
12.5600 11104.0000
12.5800 10824.0000
12.6000 10790.0000
12.6200 10804.0000
12.6400 10781.0000
12.6600 10866.0000
12.6800 10916.0000
12.7000 10680.0000
12.7200 10912.0000
12.7400 10995.0000
12.7600 10964.0000
12.7800 10717.0000
12.8000 10632.0000
12.8200 10879.0000
12.8400 10814.0000
12.8600 10943.0000
12.8800 10859.0000
12.9000 10876.0000
12.9200 10623.0000
12.9400 10867.0000
12.9600 10804.0000
12.9800 10811.0000
13.0000 10681.0000
13.0200 10915.0000
13.0400 10969.0000
13.0600 10701.0000
13.0800 10768.0000
13.1000 10887.0000
13.1200 10795.0000
13.1400 10703.0000
13.1600 10862.0000
13.1800 10755.0000
13.2000 10765.0000
13.2200 10819.0000
13.2400 10582.0000
13.2600 11003.0000
13.2800 10760.0000
13.3000 10832.0000
13.3200 10754.0000
13.3400 10836.0000
13.3600 10893.0000
13.3800 10755.0000
13.4000 10949.0000
13.4200 10844.0000
13.4400 11085.0000
13.4600 10767.0000
13.4800 10896.0000
13.5000 10873.0000
13.5200 10999.0000
13.5400 10823.0000
13.5600 10855.0000
13.5800 10940.0000
13.6000 10874.0000
13.6200 10954.0000
13.6400 10852.0000
13.6600 10979.0000
13.6800 11029.0000
13.7000 11041.0000
13.7200 11080.0000
13.7400 10839.0000
13.7600 11074.0000
13.7800 11026.0000
13.8000 11290.0000
13.8200 11105.0000
13.8400 11446.0000
13.8600 11583.0000
13.8800 11582.0000
13.9000 11578.0000
13.9200 11724.0000
13.9400 11653.0000
13.9600 11710.0000
13.9800 11953.0000
14.0000 12016.0000
14.0200 12016.0000
14.0400 12082.0000
14.0600 12523.0000
14.0800 12574.0000
14.1000 12731.0000
14.1200 12760.0000
14.1400 12886.0000
14.1600 13040.0000
14.1800 13282.0000
14.2000 13612.0000
14.2200 13629.0000
14.2400 13662.0000
14.2600 13831.0000
14.2800 13939.0000
14.3000 13803.0000
14.3200 13913.0000
14.3400 14112.0000
14.3600 13961.0000
14.3800 14048.0000
14.4000 13904.0000
14.4200 13662.0000
14.4400 13781.0000
14.4600 13637.0000
14.4800 13604.0000
14.5000 13561.0000
14.5200 13248.0000
14.5400 13223.0000
14.5600 13095.0000
14.5800 12915.0000
14.6000 12930.0000
14.6200 12736.0000
14.6400 12730.0000
14.6600 12358.0000
14.6800 12535.0000
14.7000 12273.0000
14.7200 12191.0000
14.7400 12217.0000
14.7600 12048.0000
14.7800 11960.0000
14.8000 11890.0000
14.8200 11948.0000
14.8400 11882.0000
14.8600 11741.0000
14.8800 11879.0000
14.9000 11865.0000
14.9200 11800.0000
14.9400 11732.0000
14.9600 11490.0000
14.9800 11727.0000
15.0000 11658.0000
15.0200 11647.0000
15.0400 11352.0000
15.0600 11574.0000
15.0800 11623.0000
15.1000 11644.0000
15.1200 11359.0000
15.1400 11371.0000
15.1600 11322.0000
15.1800 11320.0000
15.2000 11364.0000
15.2200 11213.0000
15.2400 11368.0000
15.2600 11387.0000
15.2800 11386.0000
15.3000 11267.0000
15.3200 11238.0000
15.3400 11239.0000
15.3600 11494.0000
15.3800 11114.0000
15.4000 11203.0000
15.4200 11192.0000
15.4400 11352.0000
15.4600 11136.0000
15.4800 11137.0000
15.5000 11235.0000
15.5200 11299.0000
15.5400 11173.0000
15.5600 11101.0000
15.5800 11313.0000
15.6000 11322.0000
15.6200 11495.0000
15.6400 11326.0000
15.6600 11441.0000
15.6800 11249.0000
15.7000 11414.0000
15.7200 11208.0000
15.7400 11192.0000
15.7600 11396.0000
15.7800 11603.0000
15.8000 11419.0000
15.8200 11367.0000
15.8400 11354.0000
15.8600 11443.0000
15.8800 11588.0000
15.9000 11590.0000
15.9200 11727.0000
15.9400 11744.0000
15.9600 11943.0000
15.9800 11986.0000
16.0000 12039.0000
16.0200 12009.0000
16.0400 12065.0000
16.0600 12332.0000
16.0800 12539.0000
16.1000 12682.0000
16.1200 12831.0000
16.1400 12695.0000
16.1600 13051.0000
16.1800 13265.0000
16.2000 13486.0000
16.2200 13749.0000
16.2400 13894.0000
16.2600 14309.0000
16.2800 14576.0000
16.3000 14889.0000
16.3200 15318.0000
16.3400 15710.0000
16.3600 16329.0000
16.3800 17101.0000
16.4000 17992.0000
16.4200 18991.0000
16.4400 20865.0000
16.4600 21758.0000
16.4800 24106.0000
16.5000 26669.0000
16.5200 29819.0000
16.5400 34116.0000
16.5600 39676.0000
16.5800 45845.0000
16.6000 52148.0000
16.6200 58095.0000
16.6400 62873.0000
16.6600 64495.0000
16.6800 61441.0000
16.7000 56369.0000
16.7200 48427.0000
16.7400 41048.0000
16.7600 34099.0000
16.7800 28842.0000
16.8000 24422.0000
16.8200 21057.0000
16.8400 18894.0000
16.8600 17638.0000
16.8800 16245.0000
16.9000 15704.0000
16.9200 15111.0000
16.9400 14466.0000
16.9600 13971.0000
16.9800 13444.0000
17.0000 12763.0000
17.0200 12725.0000
17.0400 12243.0000
17.0600 12025.0000
17.0800 11640.0000
17.1000 11427.0000
17.1200 11494.0000
17.1400 11328.0000
17.1600 11405.0000
17.1800 11177.0000
17.2000 11098.0000
17.2200 10890.0000
17.2400 10959.0000
17.2600 11096.0000
17.2800 10841.0000
17.3000 10842.0000
17.3200 10765.0000
17.3400 10696.0000
17.3600 10463.0000
17.3800 10585.0000
17.4000 10659.0000
17.4200 10488.0000
17.4400 10408.0000
17.4600 10206.0000
17.4800 10348.0000
17.5000 10134.0000
17.5200 10168.0000
17.5400 10357.0000
17.5600 10198.0000
17.5800 10122.0000
17.6000 10321.0000
17.6200 9974.0000
17.6400 10016.0000
17.6600 10155.0000
17.6800 10005.0000
17.7000 10048.0000
17.7200 10129.0000
17.7400 10000.0000
17.7600 9988.0000
17.7800 10004.0000
17.8000 10017.0000
17.8200 9904.0000
17.8400 9869.0000
17.8600 10035.0000
17.8800 9937.0000
17.9000 9840.0000
17.9200 9837.0000
17.9400 9881.0000
17.9600 9857.0000
17.9800 9873.0000
18.0000 9591.0000
18.0200 9644.0000
18.0400 9778.0000
18.0600 9685.0000
18.0800 9720.0000
18.1000 9747.0000
18.1200 9660.0000
18.1400 9777.0000
18.1600 9665.0000
18.1800 9473.0000
18.2000 9817.0000
18.2200 9785.0000
18.2400 9645.0000
18.2600 9709.0000
18.2800 9633.0000
18.3000 9430.0000
18.3200 9481.0000
18.3400 9643.0000
18.3600 9565.0000
18.3800 9428.0000
18.4000 9529.0000
18.4200 9429.0000
18.4400 9749.0000
18.4600 9564.0000
18.4800 9591.0000
18.5000 9651.0000
18.5200 9540.0000
18.5400 9518.0000
18.5600 9499.0000
18.5800 9499.0000
18.6000 9495.0000
18.6200 9456.0000
18.6400 9710.0000
18.6600 9387.0000
18.6800 9373.0000
18.7000 9533.0000
18.7200 9359.0000
18.7400 9416.0000
18.7600 9370.0000
18.7800 9418.0000
18.8000 9469.0000
18.8200 9630.0000
18.8400 9547.0000
18.8600 9399.0000
18.8800 9637.0000
18.9000 9495.0000
18.9200 9416.0000
18.9400 9494.0000
18.9600 9430.0000
18.9800 9383.0000
19.0000 9398.0000
19.0200 9582.0000
19.0400 9436.0000
19.0600 9521.0000
19.0800 9383.0000
19.1000 9257.0000
19.1200 9252.0000
19.1400 9239.0000
19.1600 9292.0000
19.1800 9378.0000
19.2000 9361.0000
19.2200 9298.0000
19.2400 9373.0000
19.2600 9425.0000
19.2800 9289.0000
19.3000 9225.0000
19.3200 9219.0000
19.3400 9268.0000
19.3600 9285.0000
19.3800 9331.0000
19.4000 9358.0000
19.4200 9359.0000
19.4400 9176.0000
19.4600 9289.0000
19.4800 9257.0000
19.5000 9349.0000
19.5200 9246.0000
19.5400 9315.0000
19.5600 9363.0000
19.5800 9151.0000
19.6000 9318.0000
19.6200 9176.0000
19.6400 9255.0000
19.6600 9340.0000
19.6800 9332.0000
19.7000 9220.0000
19.7200 9478.0000
19.7400 9314.0000
19.7600 9155.0000
19.7800 9335.0000
19.8000 9285.0000
19.8200 9413.0000
19.8400 9390.0000
19.8600 9371.0000
19.8800 9367.0000
19.9000 9329.0000
19.9200 9376.0000
19.9400 9262.0000
19.9600 9229.0000
19.9800 9276.0000
20.0000 9157.0000
20.0200 9338.0000
20.0400 9433.0000
20.0600 9366.0000
20.0800 9171.0000
20.1000 9346.0000
20.1200 9347.0000
20.1400 9275.0000
20.1600 9309.0000
20.1800 9427.0000
20.2000 9153.0000
20.2200 9392.0000
20.2400 9407.0000
20.2600 9309.0000
20.2800 9307.0000
20.3000 9347.0000
20.3200 9253.0000
20.3400 9458.0000
20.3600 9279.0000
20.3800 9203.0000
20.4000 9266.0000
20.4200 9391.0000
20.4400 9467.0000
20.4600 9506.0000
20.4800 9291.0000
20.5000 9425.0000
20.5200 9229.0000
20.5400 9433.0000
20.5600 9373.0000
20.5800 9229.0000
20.6000 9223.0000
20.6200 9395.0000
20.6400 9302.0000
20.6600 9249.0000
20.6800 9368.0000
20.7000 9353.0000
20.7200 9149.0000
20.7400 9083.0000
20.7600 9136.0000
20.7800 9186.0000
20.8000 9232.0000
20.8200 9269.0000
20.8400 9141.0000
20.8600 9164.0000
20.8800 9261.0000
20.9000 9127.0000
20.9200 9244.0000
20.9400 9085.0000
20.9600 9188.0000
20.9800 9093.0000
21.0000 9239.0000
21.0200 8927.0000
21.0400 8859.0000
21.0600 8981.0000
21.0800 9118.0000
21.1000 8912.0000
21.1200 9067.0000
21.1400 8901.0000
21.1600 8931.0000
21.1800 8829.0000
21.2000 8781.0000
21.2200 8870.0000
21.2400 8858.0000
21.2600 8917.0000
21.2800 8547.0000
21.3000 8839.0000
21.3200 8740.0000
21.3400 8882.0000
21.3600 8749.0000
21.3800 8674.0000
21.4000 8811.0000
21.4200 8697.0000
21.4400 8774.0000
21.4600 8694.0000
21.4800 8695.0000
21.5000 8744.0000
21.5200 8738.0000
21.5400 9003.0000
21.5600 8961.0000
21.5800 8887.0000
21.6000 8879.0000
21.6200 8713.0000
21.6400 8777.0000
21.6600 8714.0000
21.6800 8611.0000
21.7000 8648.0000
21.7200 8623.0000
21.7400 8549.0000
21.7600 8556.0000
21.7800 8624.0000
21.8000 8530.0000
21.8200 8608.0000
21.8400 8547.0000
21.8600 8532.0000
21.8800 8562.0000
21.9000 8587.0000
21.9200 8437.0000
21.9400 8431.0000
21.9600 8514.0000
21.9800 8448.0000
22.0000 8445.0000
22.0200 8368.0000
22.0400 8499.0000
22.0600 8501.0000
22.0800 8461.0000
22.1000 8584.0000
22.1200 8430.0000
22.1400 8605.0000
22.1600 8488.0000
22.1800 8454.0000
22.2000 8316.0000
22.2200 8539.0000
22.2400 8444.0000
22.2600 8286.0000
22.2800 8354.0000
22.3000 8529.0000
22.3200 8368.0000
22.3400 8363.0000
22.3600 8406.0000
22.3800 8493.0000
22.4000 8420.0000
22.4200 8392.0000
22.4400 8319.0000
22.4600 8423.0000
22.4800 8210.0000
22.5000 8346.0000
22.5200 8547.0000
22.5400 8574.0000
22.5600 8308.0000
22.5800 8248.0000
22.6000 8337.0000
22.6200 8340.0000
22.6400 8378.0000
22.6600 8419.0000
22.6800 8285.0000
22.7000 8397.0000
22.7200 8216.0000
22.7400 8239.0000
22.7600 8332.0000
22.7800 8270.0000
22.8000 8148.0000
22.8200 8254.0000
22.8400 8364.0000
22.8600 8310.0000
22.8800 8314.0000
22.9000 8234.0000
22.9200 8216.0000
22.9400 8339.0000
22.9600 8278.0000
22.9800 8322.0000
23.0000 8415.0000
23.0200 8338.0000
23.0400 8056.0000
23.0600 8207.0000
23.0800 8359.0000
23.1000 8233.0000
23.1200 8219.0000
23.1400 8266.0000
23.1600 8331.0000
23.1800 8199.0000
23.2000 8155.0000
23.2200 8313.0000
23.2400 8139.0000
23.2600 8130.0000
23.2800 8259.0000
23.3000 8269.0000
23.3200 8099.0000
23.3400 8240.0000
23.3600 8231.0000
23.3800 8146.0000
23.4000 8310.0000
23.4200 8176.0000
23.4400 8279.0000
23.4600 8185.0000
23.4800 7910.0000
23.5000 8192.0000
23.5200 8171.0000
23.5400 8150.0000
23.5600 8230.0000
23.5800 8239.0000
23.6000 8102.0000
23.6200 8288.0000
23.6400 8082.0000
23.6600 8146.0000
23.6800 8149.0000
23.7000 8121.0000
23.7200 8119.0000
23.7400 8140.0000
23.7600 8258.0000
23.7800 8138.0000
23.8000 8178.0000
23.8200 8172.0000
23.8400 8059.0000
23.8600 8167.0000
23.8800 8218.0000
23.9000 8126.0000
23.9200 8110.0000
23.9400 8197.0000
23.9600 8068.0000
23.9800 8034.0000
24.0000 8130.0000
24.0200 8094.0000
24.0400 8109.0000
24.0600 8040.0000
24.0800 8177.0000
24.1000 8050.0000
24.1200 8060.0000
24.1400 8169.0000
24.1600 8111.0000
24.1800 8182.0000
24.2000 8040.0000
24.2200 8182.0000
24.2400 8124.0000
24.2600 8086.0000
24.2800 8103.0000
24.3000 7951.0000
24.3200 8002.0000
24.3400 7928.0000
24.3600 7927.0000
24.3800 7943.0000
24.4000 8072.0000
24.4200 7974.0000
24.4400 7945.0000
24.4600 8018.0000
24.4800 7810.0000
24.5000 7901.0000
24.5200 8052.0000
24.5400 7947.0000
24.5600 8082.0000
24.5800 8046.0000
24.6000 7946.0000
24.6200 7806.0000
24.6400 7980.0000
24.6600 7961.0000
24.6800 8077.0000
24.7000 8026.0000
24.7200 7995.0000
24.7400 8013.0000
24.7600 7921.0000
24.7800 7840.0000
24.8000 7981.0000
24.8200 8068.0000
24.8400 7975.0000
24.8600 7976.0000
24.8800 8055.0000
24.9000 7922.0000
24.9200 7974.0000
24.9400 7885.0000
24.9600 7832.0000
24.9800 8045.0000
25.0000 8037.0000
25.0200 7911.0000
25.0400 7881.0000
25.0600 7882.0000
25.0800 7862.0000
25.1000 8029.0000
25.1200 7958.0000
25.1400 7943.0000
25.1600 7978.0000
25.1800 7795.0000
25.2000 7758.0000
25.2200 7825.0000
25.2400 7740.0000
25.2600 7882.0000
25.2800 7808.0000
25.3000 7890.0000
25.3200 7815.0000
25.3400 7753.0000
25.3600 7845.0000
25.3800 7898.0000
25.4000 7888.0000
25.4200 7930.0000
25.4400 7919.0000
25.4600 7937.0000
25.4800 7924.0000
25.5000 7835.0000
25.5200 7807.0000
25.5400 7819.0000
25.5600 7728.0000
25.5800 7869.0000
25.6000 7889.0000
25.6200 8090.0000
25.6400 7773.0000
25.6600 7795.0000
25.6800 7828.0000
25.7000 7857.0000
25.7200 7756.0000
25.7400 7830.0000
25.7600 7634.0000
25.7800 7853.0000
25.8000 7937.0000
25.8200 7794.0000
25.8400 7865.0000
25.8600 7841.0000
25.8800 7795.0000
25.9000 7791.0000
25.9200 7752.0000
25.9400 7844.0000
25.9600 7650.0000
25.9800 7782.0000
26.0000 7734.0000
26.0200 7847.0000
26.0400 7697.0000
26.0600 7812.0000
26.0800 7687.0000
26.1000 7637.0000
26.1200 7840.0000
26.1400 7758.0000
26.1600 7854.0000
26.1800 7753.0000
26.2000 7912.0000
26.2200 7664.0000
26.2400 7797.0000
26.2600 7698.0000
26.2800 7685.0000
26.3000 7853.0000
26.3200 7754.0000
26.3400 7775.0000
26.3600 7782.0000
26.3800 7588.0000
26.4000 7687.0000
26.4200 7806.0000
26.4400 7803.0000
26.4600 7578.0000
26.4800 7670.0000
26.5000 7711.0000
26.5200 7793.0000
26.5400 7699.0000
26.5600 7630.0000
26.5800 7653.0000
26.6000 7569.0000
26.6200 7809.0000
26.6400 7664.0000
26.6600 7553.0000
26.6800 7650.0000
26.7000 7602.0000
26.7200 7724.0000
26.7400 7682.0000
26.7600 7675.0000
26.7800 7695.0000
26.8000 7516.0000
26.8200 7658.0000
26.8400 7738.0000
26.8600 7715.0000
26.8800 7706.0000
26.9000 7761.0000
26.9200 7708.0000
26.9400 7769.0000
26.9600 7687.0000
26.9800 7684.0000
27.0000 7631.0000
27.0200 7680.0000
27.0400 7597.0000
27.0600 7658.0000
27.0800 7508.0000
27.1000 7738.0000
27.1200 7868.0000
27.1400 7781.0000
27.1600 7712.0000
27.1800 7541.0000
27.2000 7606.0000
27.2200 7721.0000
27.2400 7906.0000
27.2600 7725.0000
27.2800 7725.0000
27.3000 7774.0000
27.3200 7620.0000
27.3400 7738.0000
27.3600 7807.0000
27.3800 7647.0000
27.4000 7675.0000
27.4200 7748.0000
27.4400 7715.0000
27.4600 7755.0000
27.4800 7694.0000
27.5000 7595.0000
27.5200 7708.0000
27.5400 7844.0000
27.5600 7700.0000
27.5800 7781.0000
27.6000 7731.0000
27.6200 7644.0000
27.6400 7649.0000
27.6600 7730.0000
27.6800 7778.0000
27.7000 7926.0000
27.7200 7722.0000
27.7400 7724.0000
27.7600 7640.0000
27.7800 7764.0000
27.8000 7719.0000
27.8200 7653.0000
27.8400 7726.0000
27.8600 7731.0000
27.8800 7558.0000
27.9000 7680.0000
27.9200 7876.0000
27.9400 7652.0000
27.9600 7802.0000
27.9800 7819.0000
28.0000 7713.0000
28.0200 7648.0000
28.0400 7635.0000
28.0600 7607.0000
28.0800 7670.0000
28.1000 7535.0000
28.1200 7764.0000
28.1400 7766.0000
28.1600 7752.0000
28.1800 7684.0000
28.2000 7716.0000
28.2200 7623.0000
28.2400 7696.0000
28.2600 7715.0000
28.2800 7875.0000
28.3000 7614.0000
28.3200 7808.0000
28.3400 7550.0000
28.3600 7611.0000
28.3800 7717.0000
28.4000 7690.0000
28.4200 7774.0000
28.4400 7731.0000
28.4600 7528.0000
28.4800 7541.0000
28.5000 7658.0000
28.5200 7696.0000
28.5400 7795.0000
28.5600 7535.0000
28.5800 7489.0000
28.6000 7737.0000
28.6200 7623.0000
28.6400 7684.0000
28.6600 7654.0000
28.6800 7570.0000
28.7000 7642.0000
28.7200 7610.0000
28.7400 7695.0000
28.7600 7773.0000
28.7800 7796.0000
28.8000 7554.0000
28.8200 7721.0000
28.8400 7538.0000
28.8600 7558.0000
28.8800 7664.0000
28.9000 7611.0000
28.9200 7558.0000
28.9400 7525.0000
28.9600 7654.0000
28.9800 7554.0000
29.0000 7605.0000
29.0200 7649.0000
29.0400 7665.0000
29.0600 7641.0000
29.0800 7602.0000
29.1000 7549.0000
29.1200 7575.0000
29.1400 7436.0000
29.1600 7537.0000
29.1800 7704.0000
29.2000 7640.0000
29.2200 7622.0000
29.2400 7621.0000
29.2600 7549.0000
29.2800 7589.0000
29.3000 7478.0000
29.3200 7584.0000
29.3400 7658.0000
29.3600 7658.0000
29.3800 7454.0000
29.4000 7563.0000
29.4200 7620.0000
29.4400 7405.0000
29.4600 7549.0000
29.4800 7454.0000
29.5000 7527.0000
29.5200 7702.0000
29.5400 7572.0000
29.5600 7637.0000
29.5800 7559.0000
29.6000 7463.0000
29.6200 7616.0000
29.6400 7495.0000
29.6600 7414.0000
29.6800 7525.0000
29.7000 7705.0000
29.7200 7667.0000
29.7400 7647.0000
29.7600 7513.0000
29.7800 7342.0000
29.8000 7701.0000
29.8200 7510.0000
29.8400 7359.0000
29.8600 7455.0000
29.8800 7493.0000
29.9000 7535.0000
29.9200 7458.0000
29.9400 7407.0000
29.9600 7517.0000
29.9800 7601.0000
30.0000 7562.0000
30.0200 7665.0000
30.0400 7523.0000
30.0600 7471.0000
30.0800 7324.0000
30.1000 7404.0000
30.1200 7496.0000
30.1400 7493.0000
30.1600 7524.0000
30.1800 7519.0000
30.2000 7577.0000
30.2200 7396.0000
30.2400 7383.0000
30.2600 7326.0000
30.2800 7447.0000
30.3000 7402.0000
30.3200 7392.0000
30.3400 7590.0000
30.3600 7384.0000
30.3800 7384.0000
30.4000 7403.0000
30.4200 7337.0000
30.4400 7403.0000
30.4600 7452.0000
30.4800 7361.0000
30.5000 7351.0000
30.5200 7337.0000
30.5400 7419.0000
30.5600 7454.0000
30.5800 7383.0000
30.6000 7468.0000
30.6200 7363.0000
30.6400 7447.0000
30.6600 7317.0000
30.6800 7344.0000
30.7000 7488.0000
30.7200 7290.0000
30.7400 7189.0000
30.7600 7243.0000
30.7800 7278.0000
30.8000 7300.0000
30.8200 7352.0000
30.8400 7228.0000
30.8600 7239.0000
30.8800 7369.0000
30.9000 7289.0000
30.9200 7367.0000
30.9400 7372.0000
30.9600 7340.0000
30.9800 7451.0000
31.0000 7250.0000
31.0200 7264.0000
31.0400 7352.0000
31.0600 7330.0000
31.0800 7177.0000
31.1000 7390.0000
31.1200 7497.0000
31.1400 7277.0000
31.1600 7322.0000
31.1800 7288.0000
31.2000 7339.0000
31.2200 7347.0000
31.2400 7460.0000
31.2600 7134.0000
31.2800 7262.0000
31.3000 7278.0000
31.3200 7367.0000
31.3400 7353.0000
31.3600 7229.0000
31.3800 7416.0000
31.4000 7309.0000
31.4200 7299.0000
31.4400 7234.0000
31.4600 7250.0000
31.4800 7406.0000
31.5000 7329.0000
31.5200 7276.0000
31.5400 7344.0000
31.5600 7228.0000
31.5800 7356.0000
31.6000 7396.0000
31.6200 7184.0000
31.6400 7257.0000
31.6600 7357.0000
31.6800 7237.0000
31.7000 7352.0000
31.7200 7313.0000
31.7400 7247.0000
31.7600 7300.0000
31.7800 7316.0000
31.8000 7421.0000
31.8200 7459.0000
31.8400 7251.0000
31.8600 7241.0000
31.8800 7323.0000
31.9000 7296.0000
31.9200 7465.0000
31.9400 7447.0000
31.9600 7255.0000
31.9800 7367.0000
32.0000 7373.0000
32.0200 7303.0000
32.0400 7224.0000
32.0600 7320.0000
32.0800 7301.0000
32.1000 7284.0000
32.1200 7538.0000
32.1400 7562.0000
32.1600 7371.0000
32.1800 7578.0000
32.2000 7611.0000
32.2200 7664.0000
32.2400 7841.0000
32.2600 8109.0000
32.2800 8415.0000
32.3000 8783.0000
32.3200 9440.0000
32.3400 9865.0000
32.3600 10059.0000
32.3800 9982.0000
32.4000 9560.0000
32.4200 9551.0000
32.4400 9406.0000
32.4600 9360.0000
32.4800 9133.0000
32.5000 9051.0000
32.5200 9202.0000
32.5400 9254.0000
32.5600 9070.0000
32.5800 8807.0000
32.6000 8561.0000
32.6200 8657.0000
32.6400 8500.0000
32.6600 8152.0000
32.6800 7943.0000
32.7000 7858.0000
32.7200 7604.0000
32.7400 7726.0000
32.7600 7632.0000
32.7800 7738.0000
32.8000 7601.0000
32.8200 7472.0000
32.8400 7539.0000
32.8600 7651.0000
32.8800 7499.0000
32.9000 7521.0000
32.9200 7500.0000
32.9400 7598.0000
32.9600 7488.0000
32.9800 7439.0000
33.0000 7667.0000
33.0200 7648.0000
33.0400 7592.0000
33.0600 7650.0000
33.0800 7723.0000
33.1000 7698.0000
33.1200 7971.0000
33.1400 7644.0000
33.1600 7856.0000
33.1800 7962.0000
33.2000 8128.0000
33.2200 8037.0000
33.2400 8184.0000
33.2600 8351.0000
33.2800 8395.0000
33.3000 8786.0000
33.3200 8909.0000
33.3400 9123.0000
33.3600 9506.0000
33.3800 9603.0000
33.4000 9502.0000
33.4200 9693.0000
33.4400 10344.0000
33.4600 10545.0000
33.4800 10681.0000
33.5000 11243.0000
33.5200 11948.0000
33.5400 12788.0000
33.5600 13911.0000
33.5800 15264.0000
33.6000 16506.0000
33.6200 17814.0000
33.6400 18095.0000
33.6600 18001.0000
33.6800 17764.0000
33.7000 16931.0000
33.7200 16250.0000
33.7400 15100.0000
33.7600 14173.0000
33.7800 12888.0000
33.8000 11956.0000
33.8200 11234.0000
33.8400 10535.0000
33.8600 9911.0000
33.8800 9517.0000
33.9000 9203.0000
33.9200 8937.0000
33.9400 8689.0000
33.9600 8622.0000
33.9800 8206.0000
34.0000 8012.0000
34.0200 8023.0000
34.0400 8055.0000
34.0600 8041.0000
34.0800 7950.0000
34.1000 8095.0000
34.1200 7958.0000
34.1400 8032.0000
34.1600 8107.0000
34.1800 8011.0000
34.2000 8047.0000
34.2200 7922.0000
34.2400 8091.0000
34.2600 7783.0000
34.2800 7796.0000
34.3000 7707.0000
34.3200 7810.0000
34.3400 7742.0000
34.3600 7638.0000
34.3800 7679.0000
34.4000 7698.0000
34.4200 7561.0000
34.4400 7521.0000
34.4600 7574.0000
34.4800 7640.0000
34.5000 7498.0000
34.5200 7653.0000
34.5400 7667.0000
34.5600 7703.0000
34.5800 7607.0000
34.6000 7631.0000
34.6200 7569.0000
34.6400 7676.0000
34.6600 7678.0000
34.6800 7559.0000
34.7000 7653.0000
34.7200 7618.0000
34.7400 7734.0000
34.7600 7827.0000
34.7800 7728.0000
34.8000 7767.0000
34.8200 7715.0000
34.8400 8033.0000
34.8600 7734.0000
34.8800 7728.0000
34.9000 7892.0000
34.9200 7989.0000
34.9400 8151.0000
34.9600 8311.0000
34.9800 8125.0000
35.0000 8519.0000
35.0200 8311.0000
35.0400 8365.0000
35.0600 8888.0000
35.0800 9168.0000
35.1000 9519.0000
35.1200 10273.0000
35.1400 11344.0000
35.1600 12701.0000
35.1800 14609.0000
35.2000 16735.0000
35.2200 18333.0000
35.2400 19297.0000
35.2600 19674.0000
35.2800 19451.0000
35.3000 19070.0000
35.3200 18373.0000
35.3400 17509.0000
35.3600 16216.0000
35.3800 15382.0000
35.4000 14493.0000
35.4200 14133.0000
35.4400 13703.0000
35.4600 13969.0000
35.4800 14119.0000
35.5000 14463.0000
35.5200 14636.0000
35.5400 15066.0000
35.5600 15026.0000
35.5800 14918.0000
35.6000 14647.0000
35.6200 14306.0000
35.6400 13814.0000
35.6600 12779.0000
35.6800 12286.0000
35.7000 11465.0000
35.7200 10932.0000
35.7400 10363.0000
35.7600 9881.0000
35.7800 9483.0000
35.8000 9179.0000
35.8200 8779.0000
35.8400 8802.0000
35.8600 8686.0000
35.8800 8447.0000
35.9000 8365.0000
35.9200 8240.0000
35.9400 8116.0000
35.9600 8242.0000
35.9800 8086.0000
36.0000 8023.0000
36.0200 8204.0000
36.0400 8131.0000
36.0600 7987.0000
36.0800 7964.0000
36.1000 8222.0000
36.1200 8102.0000
36.1400 8240.0000
36.1600 8219.0000
36.1800 8333.0000
36.2000 8368.0000
36.2200 8629.0000
36.2400 8699.0000
36.2600 8905.0000
36.2800 9230.0000
36.3000 9442.0000
36.3200 9718.0000
36.3400 9636.0000
36.3600 9922.0000
36.3800 10189.0000
36.4000 10557.0000
36.4200 11070.0000
36.4400 11680.0000
36.4600 12608.0000
36.4800 14249.0000
36.5000 16296.0000
36.5200 18903.0000
36.5400 21837.0000
36.5600 24790.0000
36.5800 27046.0000
36.6000 28154.0000
36.6200 28556.0000
36.6400 27856.0000
36.6600 27143.0000
36.6800 25302.0000
36.7000 23628.0000
36.7200 21405.0000
36.7400 19259.0000
36.7600 17405.0000
36.7800 15717.0000
36.8000 14469.0000
36.8200 13489.0000
36.8400 12702.0000
36.8600 11722.0000
36.8800 11122.0000
36.9000 10808.0000
36.9200 10324.0000
36.9400 9931.0000
36.9600 9617.0000
36.9800 9173.0000
37.0000 9053.0000
37.0200 8885.0000
37.0400 8709.0000
37.0600 8577.0000
37.0800 8338.0000
37.1000 8347.0000
37.1200 8218.0000
37.1400 8327.0000
37.1600 8168.0000
37.1800 7957.0000
37.2000 7996.0000
37.2200 7974.0000
37.2400 8088.0000
37.2600 8054.0000
37.2800 7901.0000
37.3000 8033.0000
37.3200 7885.0000
37.3400 7862.0000
37.3600 8002.0000
37.3800 7969.0000
37.4000 7900.0000
37.4200 7968.0000
37.4400 7845.0000
37.4600 8071.0000
37.4800 8000.0000
37.5000 8021.0000
37.5200 8277.0000
37.5400 8156.0000
37.5600 8114.0000
37.5800 8000.0000
37.6000 8068.0000
37.6200 7995.0000
37.6400 8291.0000
37.6600 7987.0000
37.6800 8006.0000
37.7000 8127.0000
37.7200 8033.0000
37.7400 7854.0000
37.7600 7705.0000
37.7800 7974.0000
37.8000 7772.0000
37.8200 7846.0000
37.8400 7718.0000
37.8600 8112.0000
37.8800 8459.0000
37.9000 8606.0000
37.9200 9112.0000
37.9400 9353.0000
37.9600 9333.0000
37.9800 8970.0000
38.0000 8701.0000
38.0200 8674.0000
38.0400 8654.0000
38.0600 8463.0000
38.0800 8229.0000
38.1000 7867.0000
38.1200 7731.0000
38.1400 7460.0000
38.1600 7413.0000
38.1800 7444.0000
38.2000 7409.0000
38.2200 7277.0000
38.2400 7227.0000
38.2600 7116.0000
38.2800 7168.0000
38.3000 7102.0000
38.3200 7097.0000
38.3400 7195.0000
38.3600 7129.0000
38.3800 6944.0000
38.4000 7098.0000
38.4200 6926.0000
38.4400 7112.0000
38.4600 7033.0000
38.4800 6970.0000
38.5000 6955.0000
38.5200 6878.0000
38.5400 7094.0000
38.5600 6868.0000
38.5800 7017.0000
38.6000 6954.0000
38.6200 6978.0000
38.6400 7045.0000
38.6600 6973.0000
38.6800 6902.0000
38.7000 7102.0000
38.7200 6920.0000
38.7400 6861.0000
38.7600 6893.0000
38.7800 6963.0000
38.8000 6987.0000
38.8200 7012.0000
38.8400 6869.0000
38.8600 6848.0000
38.8800 6846.0000
38.9000 6898.0000
38.9200 6997.0000
38.9400 6963.0000
38.9600 6780.0000
38.9800 6890.0000
39.0000 6807.0000
39.0200 6831.0000
39.0400 7005.0000
39.0600 6901.0000
39.0800 6877.0000
39.1000 6892.0000
39.1200 6899.0000
39.1400 6937.0000
39.1600 6618.0000
39.1800 6864.0000
39.2000 7154.0000
39.2200 6943.0000
39.2400 6833.0000
39.2600 6983.0000
39.2800 6822.0000
39.3000 6892.0000
39.3200 6937.0000
39.3400 6985.0000
39.3600 6822.0000
39.3800 6984.0000
39.4000 6800.0000
39.4200 6774.0000
39.4400 6857.0000
39.4600 7014.0000
39.4800 6809.0000
39.5000 6772.0000
39.5200 6964.0000
39.5400 7010.0000
39.5600 6977.0000
39.5800 7038.0000
39.6000 6951.0000
39.6200 6881.0000
39.6400 6947.0000
39.6600 7052.0000
39.6800 6829.0000
39.7000 6905.0000
39.7200 6961.0000
39.7400 6870.0000
39.7600 6909.0000
39.7800 6938.0000
39.8000 6852.0000
39.8200 7051.0000
39.8400 7019.0000
39.8600 7108.0000
39.8800 6836.0000
39.9000 7043.0000
39.9200 6893.0000
39.9400 6924.0000
39.9600 7074.0000
39.9800 7112.0000
40.0000 7196.0000
40.0200 7197.0000
40.0400 7071.0000
40.0600 7162.0000
40.0800 7004.0000
40.1000 7074.0000
40.1200 7280.0000
40.1400 7298.0000
40.1600 7355.0000
40.1800 7236.0000
40.2000 7448.0000
40.2200 7689.0000
40.2400 7752.0000
40.2600 7890.0000
40.2800 8095.0000
40.3000 7936.0000
40.3200 7877.0000
40.3400 7873.0000
40.3600 7916.0000
40.3800 7927.0000
40.4000 7837.0000
40.4200 7812.0000
40.4400 7787.0000
40.4600 7733.0000
40.4800 7721.0000
40.5000 7656.0000
40.5200 7698.0000
40.5400 7740.0000
40.5600 7759.0000
40.5800 7692.0000
40.6000 7830.0000
40.6200 7762.0000
40.6400 7723.0000
40.6600 7769.0000
40.6800 7832.0000
40.7000 8010.0000
40.7200 8035.0000
40.7400 8149.0000
40.7600 8333.0000
40.7800 8276.0000
40.8000 8365.0000
40.8200 8536.0000
40.8400 8794.0000
40.8600 8906.0000
40.8800 8880.0000
40.9000 9226.0000
40.9200 9483.0000
40.9400 9730.0000
40.9600 9985.0000
40.9800 10473.0000
41.0000 10848.0000
41.0200 11324.0000
41.0400 11728.0000
41.0600 12146.0000
41.0800 12579.0000
41.1000 13053.0000
41.1200 13507.0000
41.1400 14357.0000
41.1600 14529.0000
41.1800 14861.0000
41.2000 15412.0000
41.2200 15545.0000
41.2400 16240.0000
41.2600 16544.0000
41.2800 16894.0000
41.3000 17170.0000
41.3200 17489.0000
41.3400 18067.0000
41.3600 19121.0000
41.3800 20095.0000
41.4000 21023.0000
41.4200 22301.0000
41.4400 23812.0000
41.4600 26218.0000
41.4800 29063.0000
41.5000 32285.0000
41.5200 37234.0000
41.5400 42934.0000
41.5600 50183.0000
41.5800 58136.0000
41.6000 66967.0000
41.6200 75062.0000
41.6400 80454.0000
41.6600 82954.0000
41.6800 81929.0000
41.7000 79629.0000
41.7200 75431.0000
41.7400 70150.0000
41.7600 64925.0000
41.7800 58195.0000
41.8000 51115.0000
41.8200 44444.0000
41.8400 38042.0000
41.8600 32148.0000
41.8800 27667.0000
41.9000 23949.0000
41.9200 21131.0000
41.9400 18639.0000
41.9600 16748.0000
41.9800 15177.0000
42.0000 13931.0000
42.0200 12971.0000
42.0400 12095.0000
42.0600 11333.0000
42.0800 10996.0000
42.1000 10523.0000
42.1200 10134.0000
42.1400 9762.0000
42.1600 9593.0000
42.1800 9383.0000
42.2000 9338.0000
42.2200 9083.0000
42.2400 8765.0000
42.2600 8702.0000
42.2800 8639.0000
42.3000 8603.0000
42.3200 8424.0000
42.3400 8317.0000
42.3600 8275.0000
42.3800 8260.0000
42.4000 8152.0000
42.4200 7983.0000
42.4400 8001.0000
42.4600 8064.0000
42.4800 7963.0000
42.5000 7742.0000
42.5200 7877.0000
42.5400 7872.0000
42.5600 7779.0000
42.5800 7579.0000
42.6000 7579.0000
42.6200 7618.0000
42.6400 7620.0000
42.6600 7732.0000
42.6800 7481.0000
42.7000 7394.0000
42.7200 7603.0000
42.7400 7471.0000
42.7600 7518.0000
42.7800 7617.0000
42.8000 7544.0000
42.8200 7648.0000
42.8400 7334.0000
42.8600 7586.0000
42.8800 7449.0000
42.9000 7268.0000
42.9200 7394.0000
42.9400 7388.0000
42.9600 7121.0000
42.9800 7374.0000
43.0000 7240.0000
43.0200 7369.0000
43.0400 7256.0000
43.0600 7233.0000
43.0800 7378.0000
43.1000 7324.0000
43.1200 7192.0000
43.1400 7207.0000
43.1600 7181.0000
43.1800 7366.0000
43.2000 7313.0000
43.2200 7276.0000
43.2400 7323.0000
43.2600 7110.0000
43.2800 7087.0000
43.3000 7141.0000
43.3200 7095.0000
43.3400 7097.0000
43.3600 7226.0000
43.3800 7140.0000
43.4000 7146.0000
43.4200 7058.0000
43.4400 7059.0000
43.4600 7066.0000
43.4800 7047.0000
43.5000 7133.0000
43.5200 7122.0000
43.5400 7163.0000
43.5600 7081.0000
43.5800 7046.0000
43.6000 7056.0000
43.6200 7034.0000
43.6400 6948.0000
43.6600 7140.0000
43.6800 6965.0000
43.7000 6888.0000
43.7200 7193.0000
43.7400 7082.0000
43.7600 7091.0000
43.7800 7139.0000
43.8000 7164.0000
43.8200 7249.0000
43.8400 7185.0000
43.8600 7431.0000
43.8800 7513.0000
43.9000 7629.0000
43.9200 7528.0000
43.9400 7289.0000
43.9600 7396.0000
43.9800 7450.0000
44.0000 7256.0000
44.0200 7156.0000
44.0400 7037.0000
44.0600 7241.0000
44.0800 7077.0000
44.1000 7229.0000
44.1200 7154.0000
44.1400 6984.0000
44.1600 7019.0000
44.1800 6981.0000
44.2000 7031.0000
44.2200 7198.0000
44.2400 6934.0000
44.2600 6952.0000
44.2800 6994.0000
44.3000 7015.0000
44.3200 6881.0000
44.3400 7011.0000
44.3600 7074.0000
44.3800 7072.0000
44.4000 7023.0000
44.4200 7178.0000
44.4400 7124.0000
44.4600 7088.0000
44.4800 7032.0000
44.5000 7026.0000
44.5200 7128.0000
44.5400 7035.0000
44.5600 7113.0000
44.5800 7152.0000
44.6000 7086.0000
44.6200 7075.0000
44.6400 6888.0000
44.6600 6984.0000
44.6800 7060.0000
44.7000 6795.0000
44.7200 7117.0000
44.7400 6978.0000
44.7600 7056.0000
44.7800 7101.0000
44.8000 7138.0000
44.8200 7003.0000
44.8400 7120.0000
44.8600 7187.0000
44.8800 7261.0000
44.9000 7277.0000
44.9200 7254.0000
44.9400 7380.0000
44.9600 7480.0000
44.9800 7619.0000
45.0000 7778.0000
45.0200 7917.0000
45.0400 8192.0000
45.0600 8427.0000
45.0800 8724.0000
45.1000 9170.0000
45.1200 8997.0000
45.1400 9273.0000
45.1600 9216.0000
45.1800 9228.0000
45.2000 9129.0000
45.2200 9016.0000
45.2400 9008.0000
45.2600 8792.0000
45.2800 8779.0000
45.3000 8646.0000
45.3200 8765.0000
45.3400 8379.0000
45.3600 8198.0000
45.3800 8010.0000
45.4000 7812.0000
45.4200 7690.0000
45.4400 7757.0000
45.4600 7543.0000
45.4800 7494.0000
45.5000 7558.0000
45.5200 7434.0000
45.5400 7243.0000
45.5600 7308.0000
45.5800 7261.0000
45.6000 7223.0000
45.6200 7136.0000
45.6400 7265.0000
45.6600 7138.0000
45.6800 7135.0000
45.7000 7091.0000
45.7200 7186.0000
45.7400 6974.0000
45.7600 7010.0000
45.7800 6874.0000
45.8000 6876.0000
45.8200 6820.0000
45.8400 6857.0000
45.8600 6854.0000
45.8800 6898.0000
45.9000 6729.0000
45.9200 6782.0000
45.9400 6828.0000
45.9600 6665.0000
45.9800 6634.0000
46.0000 6627.0000
46.0200 6758.0000
46.0400 6913.0000
46.0600 6803.0000
46.0800 6881.0000
46.1000 6747.0000
46.1200 6696.0000
46.1400 6701.0000
46.1600 6691.0000
46.1800 6746.0000
46.2000 6676.0000
46.2200 6683.0000
46.2400 6724.0000
46.2600 6765.0000
46.2800 6722.0000
46.3000 6737.0000
46.3200 6620.0000
46.3400 6694.0000
46.3600 6657.0000
46.3800 6604.0000
46.4000 6727.0000
46.4200 6704.0000
46.4400 6627.0000
46.4600 6716.0000
46.4800 6652.0000
46.5000 6586.0000
46.5200 6660.0000
46.5400 6557.0000
46.5600 6659.0000
46.5800 6673.0000
46.6000 6667.0000
46.6200 6683.0000
46.6400 6617.0000
46.6600 6643.0000
46.6800 6655.0000
46.7000 6641.0000
46.7200 6490.0000
46.7400 6569.0000
46.7600 6590.0000
46.7800 6577.0000
46.8000 6560.0000
46.8200 6580.0000
46.8400 6592.0000
46.8600 6521.0000
46.8800 6554.0000
46.9000 6546.0000
46.9200 6578.0000
46.9400 6514.0000
46.9600 6399.0000
46.9800 6600.0000
47.0000 6515.0000
47.0200 6536.0000
47.0400 6572.0000
47.0600 6465.0000
47.0800 6554.0000
47.1000 6434.0000
47.1200 6565.0000
47.1400 6751.0000
47.1600 6524.0000
47.1800 6717.0000
47.2000 6587.0000
47.2200 6566.0000
47.2400 6560.0000
47.2600 6637.0000
47.2800 6638.0000
47.3000 6740.0000
47.3200 6747.0000
47.3400 6631.0000
47.3600 6809.0000
47.3800 6771.0000
47.4000 6649.0000
47.4200 6639.0000
47.4400 6598.0000
47.4600 6472.0000
47.4800 6654.0000
47.5000 6497.0000
47.5200 6548.0000
47.5400 6564.0000
47.5600 6590.0000
47.5800 6448.0000
47.6000 6578.0000
47.6200 6522.0000
47.6400 6637.0000
47.6600 6493.0000
47.6800 6569.0000
47.7000 6582.0000
47.7200 6551.0000
47.7400 6556.0000
47.7600 6645.0000
47.7800 6569.0000
47.8000 6570.0000
47.8200 6479.0000
47.8400 6447.0000
47.8600 6570.0000
47.8800 6469.0000
47.9000 6539.0000
47.9200 6456.0000
47.9400 6636.0000
47.9600 6587.0000
47.9800 6502.0000
48.0000 6543.0000
48.0200 6477.0000
48.0400 6500.0000
48.0600 6469.0000
48.0800 6630.0000
48.1000 6583.0000
48.1200 6573.0000
48.1400 6532.0000
48.1600 6520.0000
48.1800 6493.0000
48.2000 6457.0000
48.2200 6497.0000
48.2400 6436.0000
48.2600 6365.0000
48.2800 6497.0000
48.3000 6508.0000
48.3200 6531.0000
48.3400 6405.0000
48.3600 6460.0000
48.3800 6469.0000
48.4000 6463.0000
48.4200 6578.0000
48.4400 6512.0000
48.4600 6552.0000
48.4800 6493.0000
48.5000 6542.0000
48.5200 6427.0000
48.5400 6417.0000
48.5600 6363.0000
48.5800 6439.0000
48.6000 6420.0000
48.6200 6547.0000
48.6400 6444.0000
48.6600 6400.0000
48.6800 6421.0000
48.7000 6387.0000
48.7200 6303.0000
48.7400 6469.0000
48.7600 6464.0000
48.7800 6410.0000
48.8000 6432.0000
48.8200 6383.0000
48.8400 6478.0000
48.8600 6411.0000
48.8800 6416.0000
48.9000 6410.0000
48.9200 6356.0000
48.9400 6447.0000
48.9600 6303.0000
48.9800 6461.0000
49.0000 6440.0000
49.0200 6477.0000
49.0400 6475.0000
49.0600 6476.0000
49.0800 6373.0000
49.1000 6382.0000
49.1200 6423.0000
49.1400 6422.0000
49.1600 6425.0000
49.1800 6481.0000
49.2000 6315.0000
49.2200 6313.0000
49.2400 6424.0000
49.2600 6468.0000
49.2800 6408.0000
49.3000 6370.0000
49.3200 6451.0000
49.3400 6376.0000
49.3600 6481.0000
49.3800 6463.0000
49.4000 6434.0000
49.4200 6524.0000
49.4400 6509.0000
49.4600 6432.0000
49.4800 6298.0000
49.5000 6477.0000
49.5200 6447.0000
49.5400 6275.0000
49.5600 6328.0000
49.5800 6457.0000
49.6000 6250.0000
49.6200 6414.0000
49.6400 6492.0000
49.6600 6439.0000
49.6800 6511.0000
49.7000 6430.0000
49.7200 6380.0000
49.7400 6388.0000
49.7600 6509.0000
49.7800 6502.0000
49.8000 6540.0000
49.8200 6248.0000
49.8400 6455.0000
49.8600 6422.0000
49.8800 6410.0000
49.9000 6467.0000
49.9200 6444.0000
49.9400 6457.0000
49.9600 6405.0000
49.9800 6440.0000
50.0000 6434.0000
50.0200 6414.0000
50.0400 6516.0000
50.0600 6498.0000
50.0800 6328.0000
50.1000 6472.0000
50.1200 6489.0000
50.1400 6483.0000
50.1600 6330.0000
50.1800 6427.0000
50.2000 6458.0000
50.2200 6563.0000
50.2400 6605.0000
50.2600 6458.0000
50.2800 6522.0000
50.3000 6598.0000
50.3200 6501.0000
50.3400 6512.0000
50.3600 6468.0000
50.3800 6484.0000
50.4000 6508.0000
50.4200 6585.0000
50.4400 6658.0000
50.4600 6558.0000
50.4800 6500.0000
50.5000 6569.0000
50.5200 6516.0000
50.5400 6627.0000
50.5600 6669.0000
50.5800 6594.0000
50.6000 6665.0000
50.6200 6659.0000
50.6400 6685.0000
50.6600 6688.0000
50.6800 6764.0000
50.7000 6584.0000
50.7200 6760.0000
50.7400 6617.0000
50.7600 6731.0000
50.7800 6733.0000
50.8000 6746.0000
50.8200 6841.0000
50.8400 6913.0000
50.8600 6675.0000
50.8800 6832.0000
50.9000 6819.0000
50.9200 6757.0000
50.9400 6753.0000
50.9600 6756.0000
50.9800 6790.0000
51.0000 6832.0000
51.0200 6827.0000
51.0400 6945.0000
51.0600 6843.0000
51.0800 7018.0000
51.1000 6993.0000
51.1200 6975.0000
51.1400 6916.0000
51.1600 6866.0000
51.1800 6861.0000
51.2000 6806.0000
51.2200 6757.0000
51.2400 6640.0000
51.2600 6883.0000
51.2800 6867.0000
51.3000 6740.0000
51.3200 6788.0000
51.3400 6744.0000
51.3600 6799.0000
51.3800 6660.0000
51.4000 6658.0000
51.4200 6738.0000
51.4400 6636.0000
51.4600 6652.0000
51.4800 6693.0000
51.5000 6711.0000
51.5200 6795.0000
51.5400 6735.0000
51.5600 6628.0000
51.5800 6721.0000
51.6000 6838.0000
51.6200 6658.0000
51.6400 6674.0000
51.6600 6593.0000
51.6800 6596.0000
51.7000 6638.0000
51.7200 6595.0000
51.7400 6498.0000
51.7600 6556.0000
51.7800 6629.0000
51.8000 6553.0000
51.8200 6593.0000
51.8400 6554.0000
51.8600 6644.0000
51.8800 6518.0000
51.9000 6486.0000
51.9200 6363.0000
51.9400 6533.0000
51.9600 6515.0000
51.9800 6488.0000
52.0000 6513.0000
52.0200 6515.0000
52.0400 6604.0000
52.0600 6345.0000
52.0800 6600.0000
52.1000 6654.0000
52.1200 6561.0000
52.1400 6569.0000
52.1600 6536.0000
52.1800 6312.0000
52.2000 6630.0000
52.2200 6690.0000
52.2400 6435.0000
52.2600 6565.0000
52.2800 6627.0000
52.3000 6515.0000
52.3200 6557.0000
52.3400 6560.0000
52.3600 6674.0000
52.3800 6592.0000
52.4000 6596.0000
52.4200 6790.0000
52.4400 6586.0000
52.4600 6635.0000
52.4800 6773.0000
52.5000 6752.0000
52.5200 6624.0000
52.5400 6721.0000
52.5600 6705.0000
52.5800 6727.0000
52.6000 6693.0000
52.6200 6448.0000
52.6400 6561.0000
52.6600 6578.0000
52.6800 6690.0000
52.7000 6629.0000
52.7200 6597.0000
52.7400 6562.0000
52.7600 6597.0000
52.7800 6631.0000
52.8000 6750.0000
52.8200 6653.0000
52.8400 6597.0000
52.8600 6605.0000
52.8800 6465.0000
52.9000 6759.0000
52.9200 6748.0000
52.9400 6579.0000
52.9600 6694.0000
52.9800 6713.0000
53.0000 6756.0000
53.0200 6872.0000
53.0400 6695.0000
53.0600 6771.0000
53.0800 6898.0000
53.1000 6858.0000
53.1200 6726.0000
53.1400 6914.0000
53.1600 7115.0000
53.1800 7008.0000
53.2000 7169.0000
53.2200 7226.0000
53.2400 7443.0000
53.2600 7401.0000
53.2800 7508.0000
53.3000 7631.0000
53.3200 7870.0000
53.3400 7927.0000
53.3600 8112.0000
53.3800 8604.0000
53.4000 8768.0000
53.4200 9237.0000
53.4400 9600.0000
53.4600 9912.0000
53.4800 10677.0000
53.5000 11097.0000
53.5200 11351.0000
53.5400 11518.0000
53.5600 11975.0000
53.5800 11645.0000
53.6000 11874.0000
53.6200 11461.0000
53.6400 11322.0000
53.6600 10886.0000
53.6800 10757.0000
53.7000 10475.0000
53.7200 9904.0000
53.7400 9517.0000
53.7600 9249.0000
53.7800 8829.0000
53.8000 8517.0000
53.8200 8255.0000
53.8400 8006.0000
53.8600 7885.0000
53.8800 7594.0000
53.9000 7514.0000
53.9200 7455.0000
53.9400 7264.0000
53.9600 7052.0000
53.9800 7100.0000
54.0000 7121.0000
54.0200 6955.0000
54.0400 6942.0000
54.0600 6808.0000
54.0800 6827.0000
54.1000 6876.0000
54.1200 6779.0000
54.1400 6757.0000
54.1600 6849.0000
54.1800 6672.0000
54.2000 6774.0000
54.2200 6665.0000
54.2400 6648.0000
54.2600 6696.0000
54.2800 6768.0000
54.3000 6685.0000
54.3200 6602.0000
54.3400 6612.0000
54.3600 6522.0000
54.3800 6665.0000
54.4000 6539.0000
54.4200 6555.0000
54.4400 6626.0000
54.4600 6641.0000
54.4800 6569.0000
54.5000 6589.0000
54.5200 6548.0000
54.5400 6627.0000
54.5600 6671.0000
54.5800 6516.0000
54.6000 6578.0000
54.6200 6811.0000
54.6400 6728.0000
54.6600 6676.0000
54.6800 6770.0000
54.7000 6609.0000
54.7200 6800.0000
54.7400 6639.0000
54.7600 6692.0000
54.7800 6605.0000
54.8000 6548.0000
54.8200 6470.0000
54.8400 6483.0000
54.8600 6515.0000
54.8800 6497.0000
54.9000 6612.0000
54.9200 6680.0000
54.9400 6425.0000
54.9600 6520.0000
54.9800 6629.0000
55.0000 6452.0000
55.0200 6632.0000
55.0400 6412.0000
55.0600 6423.0000
55.0800 6541.0000
55.1000 6658.0000
55.1200 6625.0000
55.1400 6708.0000
55.1600 6781.0000
55.1800 6676.0000
55.2000 6706.0000
55.2200 6819.0000
55.2400 6775.0000
55.2600 6626.0000
55.2800 6526.0000
55.3000 6711.0000
55.3200 6808.0000
55.3400 6676.0000
55.3600 6746.0000
55.3800 6776.0000
55.4000 6721.0000
55.4200 6698.0000
55.4400 6525.0000
55.4600 6480.0000
55.4800 6617.0000
55.5000 6553.0000
55.5200 6436.0000
55.5400 6545.0000
55.5600 6702.0000
55.5800 6429.0000
55.6000 6589.0000
55.6200 6641.0000
55.6400 6654.0000
55.6600 6678.0000
55.6800 6711.0000
55.7000 6765.0000
55.7200 6659.0000
55.7400 6701.0000
55.7600 6795.0000
55.7800 6729.0000
55.8000 6991.0000
55.8200 6973.0000
55.8400 7013.0000
55.8600 6957.0000
55.8800 6896.0000
55.9000 7025.0000
55.9200 6919.0000
55.9400 6895.0000
55.9600 6889.0000
55.9800 6764.0000
56.0000 6821.0000
56.0200 6906.0000
56.0400 6836.0000
56.0600 6886.0000
56.0800 6948.0000
56.1000 6928.0000
56.1200 6878.0000
56.1400 6783.0000
56.1600 6833.0000
56.1800 6890.0000
56.2000 6987.0000
56.2200 7070.0000
56.2400 6803.0000
56.2600 6847.0000
56.2800 6961.0000
56.3000 7014.0000
56.3200 6994.0000
56.3400 6947.0000
56.3600 6968.0000
56.3800 6944.0000
56.4000 7084.0000
56.4200 7004.0000
56.4400 6882.0000
56.4600 6918.0000
56.4800 6901.0000
56.5000 6928.0000
56.5200 6915.0000
56.5400 7213.0000
56.5600 7094.0000
56.5800 7033.0000
56.6000 7084.0000
56.6200 7149.0000
56.6400 7167.0000
56.6600 7165.0000
56.6800 7203.0000
56.7000 7438.0000
56.7200 7103.0000
56.7400 7222.0000
56.7600 7250.0000
56.7800 7255.0000
56.8000 7344.0000
56.8200 7410.0000
56.8400 7308.0000
56.8600 7446.0000
56.8800 7417.0000
56.9000 7391.0000
56.9200 7433.0000
56.9400 7372.0000
56.9600 7362.0000
56.9800 7312.0000
57.0000 7337.0000
57.0200 7327.0000
57.0400 7122.0000
57.0600 7175.0000
57.0800 7317.0000
57.1000 7282.0000
57.1200 7288.0000
57.1400 7351.0000
57.1600 7341.0000
57.1800 7396.0000
57.2000 7292.0000
57.2200 7403.0000
57.2400 7318.0000
57.2600 7528.0000
57.2800 7473.0000
57.3000 7319.0000
57.3200 7395.0000
57.3400 7369.0000
57.3600 7269.0000
57.3800 7185.0000
57.4000 7283.0000
57.4200 7253.0000
57.4400 7308.0000
57.4600 7092.0000
57.4800 7216.0000
57.5000 7199.0000
57.5200 7101.0000
57.5400 7214.0000
57.5600 7217.0000
57.5800 7274.0000
57.6000 7035.0000
57.6200 7078.0000
57.6400 7199.0000
57.6600 7275.0000
57.6800 7154.0000
57.7000 7254.0000
57.7200 7267.0000
57.7400 7308.0000
57.7600 7343.0000
57.7800 7420.0000
57.8000 7500.0000
57.8200 7431.0000
57.8400 7626.0000
57.8600 7723.0000
57.8800 7747.0000
57.9000 7859.0000
57.9200 7996.0000
57.9400 8036.0000
57.9600 8346.0000
57.9800 8616.0000
58.0000 8556.0000
58.0200 8975.0000
58.0400 9120.0000
58.0600 9334.0000
58.0800 9609.0000
58.1000 10144.0000
58.1200 10372.0000
58.1400 10821.0000
58.1600 11322.0000
58.1800 11826.0000
58.2000 12522.0000
58.2200 13196.0000
58.2400 13805.0000
58.2600 14993.0000
58.2800 15625.0000
58.3000 16482.0000
58.3200 17050.0000
58.3400 17895.0000
58.3600 18132.0000
58.3800 17759.0000
58.4000 17631.0000
58.4200 17275.0000
58.4400 16990.0000
58.4600 16361.0000
58.4800 15788.0000
58.5000 15241.0000
58.5200 14898.0000
58.5400 14110.0000
58.5600 13100.0000
58.5800 12538.0000
58.6000 11661.0000
58.6200 11088.0000
58.6400 10603.0000
58.6600 10032.0000
58.6800 9580.0000
58.7000 9152.0000
58.7200 8838.0000
58.7400 8582.0000
58.7600 8449.0000
58.7800 7989.0000
58.8000 7839.0000
58.8200 7755.0000
58.8400 7611.0000
58.8600 7616.0000
58.8800 7432.0000
58.9000 7209.0000
58.9200 7263.0000
58.9400 7270.0000
58.9600 7147.0000
58.9800 7046.0000
59.0000 6956.0000
59.0200 6986.0000
59.0400 7003.0000
59.0600 7141.0000
59.0800 6881.0000
59.1000 6868.0000
59.1200 6911.0000
59.1400 6653.0000
59.1600 6875.0000
59.1800 6654.0000
59.2000 6860.0000
59.2200 6723.0000
59.2400 6737.0000
59.2600 6765.0000
59.2800 6824.0000
59.3000 6633.0000
59.3200 6659.0000
59.3400 6637.0000
59.3600 6631.0000
59.3800 6608.0000
59.4000 6676.0000
59.4200 6760.0000
59.4400 6565.0000
59.4600 6571.0000
59.4800 6448.0000
59.5000 6449.0000
59.5200 6597.0000
59.5400 6479.0000
59.5600 6703.0000
59.5800 6562.0000
59.6000 6468.0000
59.6200 6533.0000
59.6400 6527.0000
59.6600 6625.0000
59.6800 6528.0000
59.7000 6517.0000
59.7200 6523.0000
59.7400 6558.0000
59.7600 6556.0000
59.7800 6573.0000
59.8000 6570.0000
59.8200 6539.0000
59.8400 6688.0000
59.8600 6620.0000
59.8800 6452.0000
59.9000 6586.0000
59.9200 6464.0000
59.9400 6660.0000
59.9600 6545.0000
59.9800 6556.0000
60.0000 6674.0000
60.0200 6581.0000
60.0400 6465.0000
60.0600 6575.0000
60.0800 6541.0000
60.1000 6470.0000
60.1200 6553.0000
60.1400 6393.0000
60.1600 6617.0000
60.1800 6489.0000
60.2000 6556.0000
60.2200 6534.0000
60.2400 6457.0000
60.2600 6362.0000
60.2800 6474.0000
60.3000 6391.0000
60.3200 6386.0000
60.3400 6484.0000
60.3600 6455.0000
60.3800 6558.0000
60.4000 6401.0000
60.4200 6516.0000
60.4400 6463.0000
60.4600 6448.0000
60.4800 6478.0000
60.5000 6475.0000
60.5200 6518.0000
60.5400 6614.0000
60.5600 6393.0000
60.5800 6526.0000
60.6000 6660.0000
60.6200 6563.0000
60.6400 6739.0000
60.6600 6562.0000
60.6800 6617.0000
60.7000 6567.0000
60.7200 6542.0000
60.7400 6595.0000
60.7600 6458.0000
60.7800 6561.0000
60.8000 6502.0000
60.8200 6446.0000
60.8400 6522.0000
60.8600 6472.0000
60.8800 6522.0000
60.9000 6591.0000
60.9200 6462.0000
60.9400 6539.0000
60.9600 6499.0000
60.9800 6506.0000
61.0000 6366.0000
61.0200 6431.0000
61.0400 6415.0000
61.0600 6479.0000
61.0800 6491.0000
61.1000 6526.0000
61.1200 6462.0000
61.1400 6368.0000
61.1600 6432.0000
61.1800 6508.0000
61.2000 6542.0000
61.2200 6428.0000
61.2400 6458.0000
61.2600 6455.0000
61.2800 6399.0000
61.3000 6365.0000
61.3200 6615.0000
61.3400 6664.0000
61.3600 6631.0000
61.3800 6518.0000
61.4000 6535.0000
61.4200 6665.0000
61.4400 6616.0000
61.4600 6598.0000
61.4800 6550.0000
61.5000 6588.0000
61.5200 6491.0000
61.5400 6504.0000
61.5600 6588.0000
61.5800 6683.0000
61.6000 6557.0000
61.6200 6763.0000
61.6400 6717.0000
61.6600 6619.0000
61.6800 6701.0000
61.7000 6732.0000
61.7200 6761.0000
61.7400 6633.0000
61.7600 6826.0000
61.7800 6885.0000
61.8000 6882.0000
61.8200 7001.0000
61.8400 6847.0000
61.8600 7057.0000
61.8800 6941.0000
61.9000 7250.0000
61.9200 7271.0000
61.9400 7477.0000
61.9600 7467.0000
61.9800 7780.0000
62.0000 7682.0000
62.0200 8203.0000
62.0400 8444.0000
62.0600 8785.0000
62.0800 9393.0000
62.1000 10037.0000
62.1200 10474.0000
62.1400 11531.0000
62.1600 12733.0000
62.1800 14060.0000
62.2000 15500.0000
62.2200 17006.0000
62.2400 18764.0000
62.2600 19729.0000
62.2800 20541.0000
62.3000 20527.0000
62.3200 20384.0000
62.3400 20220.0000
62.3600 19884.0000
62.3800 19559.0000
62.4000 19332.0000
62.4200 19289.0000
62.4400 18972.0000
62.4600 18521.0000
62.4800 17592.0000
62.5000 16694.0000
62.5200 15957.0000
62.5400 14965.0000
62.5600 14201.0000
62.5800 13285.0000
62.6000 12770.0000
62.6200 12221.0000
62.6400 11790.0000
62.6600 11512.0000
62.6800 11083.0000
62.7000 10733.0000
62.7200 10443.0000
62.7400 10015.0000
62.7600 9880.0000
62.7800 9602.0000
62.8000 9355.0000
62.8200 9264.0000
62.8400 8955.0000
62.8600 8934.0000
62.8800 8852.0000
62.9000 8661.0000
62.9200 8561.0000
62.9400 8449.0000
62.9600 7994.0000
62.9800 7897.0000
63.0000 7819.0000
63.0200 7730.0000
63.0400 7705.0000
63.0600 7682.0000
63.0800 7412.0000
63.1000 7125.0000
63.1200 7136.0000
63.1400 7097.0000
63.1600 6969.0000
63.1800 6897.0000
63.2000 7037.0000
63.2200 7021.0000
63.2400 6953.0000
63.2600 6801.0000
63.2800 6677.0000
63.3000 6789.0000
63.3200 6666.0000
63.3400 6617.0000
63.3600 6618.0000
63.3800 6585.0000
63.4000 6459.0000
63.4200 6586.0000
63.4400 6530.0000
63.4600 6660.0000
63.4800 6483.0000
63.5000 6519.0000
63.5200 6571.0000
63.5400 6499.0000
63.5600 6591.0000
63.5800 6463.0000
63.6000 6519.0000
63.6200 6477.0000
63.6400 6528.0000
63.6600 6391.0000
63.6800 6419.0000
63.7000 6519.0000
63.7200 6430.0000
63.7400 6396.0000
63.7600 6405.0000
63.7800 6412.0000
63.8000 6532.0000
63.8200 6517.0000
63.8400 6326.0000
63.8600 6560.0000
63.8800 6509.0000
63.9000 6498.0000
63.9200 6481.0000
63.9400 6442.0000
63.9600 6441.0000
63.9800 6422.0000
64.0000 6515.0000
64.0200 6448.0000
64.0400 6531.0000
64.0600 6509.0000
64.0800 6531.0000
64.1000 6501.0000
64.1200 6454.0000
64.1400 6593.0000
64.1600 6587.0000
64.1800 6538.0000
64.2000 6737.0000
64.2200 6649.0000
64.2400 6899.0000
64.2600 6765.0000
64.2800 6737.0000
64.3000 6901.0000
64.3200 6963.0000
64.3400 6916.0000
64.3600 6942.0000
64.3800 6981.0000
64.4000 7042.0000
64.4200 6943.0000
64.4400 7101.0000
64.4600 7171.0000
64.4800 7090.0000
64.5000 7268.0000
64.5200 7197.0000
64.5400 7209.0000
64.5600 7093.0000
64.5800 7300.0000
64.6000 7390.0000
64.6200 7410.0000
64.6400 7282.0000
64.6600 7460.0000
64.6800 7432.0000
64.7000 7510.0000
64.7200 7689.0000
64.7400 7732.0000
64.7600 7820.0000
64.7800 7861.0000
64.8000 8160.0000
64.8200 8279.0000
64.8400 8606.0000
64.8600 8730.0000
64.8800 9251.0000
64.9000 9359.0000
64.9200 9761.0000
64.9400 9696.0000
64.9600 9652.0000
64.9800 9753.0000
65.0000 9773.0000
65.0200 9564.0000
65.0400 9505.0000
65.0600 9279.0000
65.0800 9214.0000
65.1000 9132.0000
65.1200 8833.0000
65.1400 8705.0000
65.1600 8709.0000
65.1800 8438.0000
65.2000 8243.0000
65.2200 8026.0000
65.2400 7829.0000
65.2600 7775.0000
65.2800 7667.0000
65.3000 7421.0000
65.3200 7287.0000
65.3400 7372.0000
65.3600 7257.0000
65.3800 7038.0000
65.4000 7179.0000
65.4200 7197.0000
65.4400 6915.0000
65.4600 7050.0000
65.4800 6919.0000
65.5000 6799.0000
65.5200 6831.0000
65.5400 6659.0000
65.5600 6915.0000
65.5800 6724.0000
65.6000 6712.0000
65.6200 6555.0000
65.6400 6581.0000
65.6600 6608.0000
65.6800 6569.0000
65.7000 6526.0000
65.7200 6496.0000
65.7400 6390.0000
65.7600 6421.0000
65.7800 6541.0000
65.8000 6495.0000
65.8200 6372.0000
65.8400 6406.0000
65.8600 6483.0000
65.8800 6357.0000
65.9000 6531.0000
65.9200 6422.0000
65.9400 6388.0000
65.9600 6365.0000
65.9800 6361.0000
66.0000 6354.0000
66.0200 6382.0000
66.0400 6274.0000
66.0600 6237.0000
66.0800 6355.0000
66.1000 6331.0000
66.1200 6385.0000
66.1400 6281.0000
66.1600 6502.0000
66.1800 6518.0000
66.2000 6408.0000
66.2200 6486.0000
66.2400 6345.0000
66.2600 6574.0000
66.2800 6281.0000
66.3000 6360.0000
66.3200 6224.0000
66.3400 6405.0000
66.3600 6354.0000
66.3800 6296.0000
66.4000 6354.0000
66.4200 6352.0000
66.4400 6318.0000
66.4600 6447.0000
66.4800 6415.0000
66.5000 6472.0000
66.5200 6527.0000
66.5400 6173.0000
66.5600 6302.0000
66.5800 6356.0000
66.6000 6438.0000
66.6200 6389.0000
66.6400 6400.0000
66.6600 6321.0000
66.6800 6402.0000
66.7000 6261.0000
66.7200 6244.0000
66.7400 6391.0000
66.7600 6349.0000
66.7800 6287.0000
66.8000 6262.0000
66.8200 6311.0000
66.8400 6296.0000
66.8600 6215.0000
66.8800 6425.0000
66.9000 6336.0000
66.9200 6172.0000
66.9400 6481.0000
66.9600 6169.0000
66.9800 6325.0000
67.0000 6321.0000
67.0200 6251.0000
67.0400 6165.0000
67.0600 6365.0000
67.0800 6276.0000
67.1000 6356.0000
67.1200 6261.0000
67.1400 6156.0000
67.1600 6206.0000
67.1800 6066.0000
67.2000 6190.0000
67.2200 6200.0000
67.2400 6216.0000
67.2600 6348.0000
67.2800 6373.0000
67.3000 6293.0000
67.3200 6225.0000
67.3400 6201.0000
67.3600 6109.0000
67.3800 6079.0000
67.4000 6208.0000
67.4200 6163.0000
67.4400 6099.0000
67.4600 6261.0000
67.4800 6260.0000
67.5000 6147.0000
67.5200 6150.0000
67.5400 6171.0000
67.5600 6125.0000
67.5800 6333.0000
67.6000 6179.0000
67.6200 6232.0000
67.6400 6288.0000
67.6600 6102.0000
67.6800 6199.0000
67.7000 6134.0000
67.7200 6059.0000
67.7400 6269.0000
67.7600 6187.0000
67.7800 6141.0000
67.8000 6143.0000
67.8200 6050.0000
67.8400 6210.0000
67.8600 6256.0000
67.8800 6314.0000
67.9000 6292.0000
67.9200 6246.0000
67.9400 6208.0000
67.9600 6157.0000
67.9800 6259.0000
68.0000 6256.0000
68.0200 6166.0000
68.0400 6181.0000
68.0600 6263.0000
68.0800 6259.0000
68.1000 6323.0000
68.1200 6235.0000
68.1400 6358.0000
68.1600 6315.0000
68.1800 6281.0000
68.2000 6225.0000
68.2200 6235.0000
68.2400 6240.0000
68.2600 6400.0000
68.2800 6485.0000
68.3000 6255.0000
68.3200 6232.0000
68.3400 6280.0000
68.3600 6326.0000
68.3800 6404.0000
68.4000 6369.0000
68.4200 6387.0000
68.4400 6375.0000
68.4600 6359.0000
68.4800 6521.0000
68.5000 6393.0000
68.5200 6405.0000
68.5400 6377.0000
68.5600 6454.0000
68.5800 6310.0000
68.6000 6454.0000
68.6200 6622.0000
68.6400 6506.0000
68.6600 6573.0000
68.6800 6639.0000
68.7000 6735.0000
68.7200 6825.0000
68.7400 6763.0000
68.7600 6831.0000
68.7800 6919.0000
68.8000 7007.0000
68.8200 7172.0000
68.8400 7218.0000
68.8600 7266.0000
68.8800 7529.0000
68.9000 7745.0000
68.9200 7761.0000
68.9400 8042.0000
68.9600 8407.0000
68.9800 8537.0000
69.0000 8744.0000
69.0200 8899.0000
69.0400 8804.0000
69.0600 9003.0000
69.0800 8917.0000
69.1000 8846.0000
69.1200 8868.0000
69.1400 8805.0000
69.1600 8822.0000
69.1800 8818.0000
69.2000 8289.0000
69.2200 8508.0000
69.2400 8461.0000
69.2600 8343.0000
69.2800 8244.0000
69.3000 8059.0000
69.3200 7848.0000
69.3400 7686.0000
69.3600 7707.0000
69.3800 7266.0000
69.4000 7273.0000
69.4200 7322.0000
69.4400 7126.0000
69.4600 7083.0000
69.4800 6919.0000
69.5000 6939.0000
69.5200 6902.0000
69.5400 6841.0000
69.5600 6772.0000
69.5800 6740.0000
69.6000 6689.0000
69.6200 6774.0000
69.6400 6684.0000
69.6600 6828.0000
69.6800 6651.0000
69.7000 6638.0000
69.7200 6611.0000
69.7400 6567.0000
69.7600 6545.0000
69.7800 6621.0000
69.8000 6707.0000
69.8200 6534.0000
69.8400 6458.0000
69.8600 6707.0000
69.8800 6627.0000
69.9000 6443.0000
69.9200 6676.0000
69.9400 6443.0000
69.9600 6424.0000
69.9800 6542.0000
70.0000 6586.0000
70.0200 6489.0000
70.0400 6503.0000
70.0600 6513.0000
70.0800 6451.0000
70.1000 6493.0000
70.1200 6528.0000
70.1400 6536.0000
70.1600 6643.0000
70.1800 6504.0000
70.2000 6392.0000
70.2200 6401.0000
70.2400 6702.0000
70.2600 6767.0000
70.2800 6538.0000
70.3000 6631.0000
70.3200 6479.0000
70.3400 6686.0000
70.3600 6642.0000
70.3800 6681.0000
70.4000 6763.0000
70.4200 6644.0000
70.4400 6770.0000
70.4600 6827.0000
70.4800 7031.0000
70.5000 6955.0000
70.5200 7069.0000
70.5400 7275.0000
70.5600 7298.0000
70.5800 7231.0000
70.6000 7213.0000
70.6200 7246.0000
70.6400 7284.0000
70.6600 7341.0000
70.6800 7406.0000
70.7000 7289.0000
70.7200 7107.0000
70.7400 7279.0000
70.7600 7105.0000
70.7800 7064.0000
70.8000 7037.0000
70.8200 6901.0000
70.8400 6780.0000
70.8600 6817.0000
70.8800 6906.0000
70.9000 6905.0000
70.9200 6909.0000
70.9400 6801.0000
70.9600 6629.0000
70.9800 6513.0000
71.0000 6584.0000
71.0200 6339.0000
71.0400 6391.0000
71.0600 6252.0000
71.0800 6311.0000
71.1000 6296.0000
71.1200 6302.0000
71.1400 6272.0000
71.1600 6281.0000
71.1800 6385.0000
71.2000 6318.0000
71.2200 6369.0000
71.2400 6325.0000
71.2600 6345.0000
71.2800 6437.0000
71.3000 6381.0000
71.3200 6294.0000
71.3400 6266.0000
71.3600 6365.0000
71.3800 6179.0000
71.4000 6230.0000
71.4200 6351.0000
71.4400 6426.0000
71.4600 6203.0000
71.4800 6256.0000
71.5000 6196.0000
71.5200 6292.0000
71.5400 6244.0000
71.5600 6228.0000
71.5800 6294.0000
71.6000 6253.0000
71.6200 6288.0000
71.6400 6305.0000
71.6600 6293.0000
71.6800 6324.0000
71.7000 6446.0000
71.7200 6369.0000
71.7400 6383.0000
71.7600 6349.0000
71.7800 6293.0000
71.8000 6365.0000
71.8200 6410.0000
71.8400 6377.0000
71.8600 6410.0000
71.8800 6415.0000
71.9000 6355.0000
71.9200 6228.0000
71.9400 6447.0000
71.9600 6450.0000
71.9800 6411.0000
72.0000 6391.0000
72.0200 6238.0000
72.0400 6256.0000
72.0600 6300.0000
72.0800 6261.0000
72.1000 6201.0000
72.1200 6457.0000
72.1400 6579.0000
72.1600 6320.0000
72.1800 6651.0000
72.2000 6493.0000
72.2200 6469.0000
72.2400 6516.0000
72.2600 6189.0000
72.2800 6564.0000
72.3000 6690.0000
72.3200 6713.0000
72.3400 6631.0000
72.3600 6984.0000
72.3800 6732.0000
72.4000 7000.0000
72.4200 6957.0000
72.4400 7225.0000
72.4600 7368.0000
72.4800 7468.0000
72.5000 7632.0000
72.5200 7813.0000
72.5400 8081.0000
72.5600 8308.0000
72.5800 8526.0000
72.6000 8911.0000
72.6200 9087.0000
72.6400 9364.0000
72.6600 9491.0000
72.6800 9535.0000
72.7000 9528.0000
72.7200 9548.0000
72.7400 9473.0000
72.7600 9108.0000
72.7800 9367.0000
72.8000 9204.0000
72.8200 8962.0000
72.8400 9076.0000
72.8600 9163.0000
72.8800 8760.0000
72.9000 8807.0000
72.9200 8514.0000
72.9400 8478.0000
72.9600 8366.0000
72.9800 8063.0000
73.0000 7857.0000
73.0200 7673.0000
73.0400 7664.0000
73.0600 7546.0000
73.0800 7268.0000
73.1000 7263.0000
73.1200 7147.0000
73.1400 7021.0000
73.1600 7117.0000
73.1800 6924.0000
73.2000 6879.0000
73.2200 6922.0000
73.2400 6951.0000
73.2600 6817.0000
73.2800 6743.0000
73.3000 6637.0000
73.3200 6766.0000
73.3400 6647.0000
73.3600 6578.0000
73.3800 6639.0000
73.4000 6735.0000
73.4200 6735.0000
73.4400 6637.0000
73.4600 6794.0000
73.4800 6740.0000
73.5000 6728.0000
73.5200 6938.0000
73.5400 6871.0000
73.5600 6979.0000
73.5800 7040.0000
73.6000 7108.0000
73.6200 7125.0000
73.6400 6960.0000
73.6600 6960.0000
73.6800 7023.0000
73.7000 6881.0000
73.7200 7153.0000
73.7400 7115.0000
73.7600 7061.0000
73.7800 7102.0000
73.8000 6991.0000
73.8200 7182.0000
73.8400 7078.0000
73.8600 6892.0000
73.8800 6794.0000
73.9000 7017.0000
73.9200 7055.0000
73.9400 6923.0000
73.9600 7043.0000
73.9800 7071.0000
74.0000 7003.0000
74.0200 7046.0000
74.0400 7103.0000
74.0600 7099.0000
74.0800 6738.0000
74.1000 6981.0000
74.1200 7031.0000
74.1400 6883.0000
74.1600 6788.0000
74.1800 7178.0000
74.2000 7017.0000
74.2200 7153.0000
74.2400 7256.0000
74.2600 7225.0000
74.2800 7242.0000
74.3000 7390.0000
74.3200 7454.0000
74.3400 7441.0000
74.3600 7651.0000
74.3800 7983.0000
74.4000 7837.0000
74.4200 7940.0000
74.4400 7984.0000
74.4600 7957.0000
74.4800 7997.0000
74.5000 7873.0000
74.5200 7776.0000
74.5400 7778.0000
74.5600 7855.0000
74.5800 7822.0000
74.6000 7818.0000
74.6200 7623.0000
74.6400 7775.0000
74.6600 7789.0000
74.6800 7698.0000
74.7000 7548.0000
74.7200 7588.0000
74.7400 7735.0000
74.7600 7542.0000
74.7800 7520.0000
74.8000 7847.0000
74.8200 7864.0000
74.8400 7700.0000
74.8600 7706.0000
74.8800 7729.0000
74.9000 7886.0000
74.9200 7769.0000
74.9400 7862.0000
74.9600 7572.0000
74.9800 7800.0000
75.0000 7769.0000
75.0200 7579.0000
75.0400 7512.0000
75.0600 7379.0000
75.0800 7541.0000
75.1000 7496.0000
75.1200 7481.0000
75.1400 7415.0000
75.1600 7317.0000
75.1800 7218.0000
75.2000 7197.0000
75.2200 7077.0000
75.2400 6862.0000
75.2600 6901.0000
75.2800 6904.0000
75.3000 6767.0000
75.3200 6652.0000
75.3400 6784.0000
75.3600 6688.0000
75.3800 6619.0000
75.4000 6652.0000
75.4200 6407.0000
75.4400 6463.0000
75.4600 6467.0000
75.4800 6390.0000
75.5000 6314.0000
75.5200 6396.0000
75.5400 6363.0000
75.5600 6349.0000
75.5800 6348.0000
75.6000 6237.0000
75.6200 6374.0000
75.6400 6272.0000
75.6600 6235.0000
75.6800 6238.0000
75.7000 6193.0000
75.7200 6321.0000
75.7400 6206.0000
75.7600 6081.0000
75.7800 6250.0000
75.8000 6263.0000
75.8200 6133.0000
75.8400 6162.0000
75.8600 6183.0000
75.8800 6146.0000
75.9000 6185.0000
75.9200 6226.0000
75.9400 6191.0000
75.9600 6281.0000
75.9800 6270.0000
76.0000 6116.0000
76.0200 6121.0000
76.0400 6205.0000
76.0600 6160.0000
76.0800 6215.0000
76.1000 6183.0000
76.1200 6230.0000
76.1400 6243.0000
76.1600 6260.0000
76.1800 6221.0000
76.2000 6169.0000
76.2200 6211.0000
76.2400 6165.0000
76.2600 6178.0000
76.2800 6279.0000
76.3000 6271.0000
76.3200 6164.0000
76.3400 6164.0000
76.3600 6082.0000
76.3800 6167.0000
76.4000 6125.0000
76.4200 6297.0000
76.4400 6136.0000
76.4600 6071.0000
76.4800 6120.0000
76.5000 6355.0000
76.5200 6133.0000
76.5400 6274.0000
76.5600 6122.0000
76.5800 6243.0000
76.6000 6245.0000
76.6200 6163.0000
76.6400 6196.0000
76.6600 6134.0000
76.6800 6222.0000
76.7000 6197.0000
76.7200 6137.0000
76.7400 6248.0000
76.7600 6202.0000
76.7800 6352.0000
76.8000 6120.0000
76.8200 6334.0000
76.8400 6201.0000
76.8600 6203.0000
76.8800 6281.0000
76.9000 6123.0000
76.9200 6263.0000
76.9400 6325.0000
76.9600 6348.0000
76.9800 6210.0000
77.0000 6243.0000
77.0200 6286.0000
77.0400 6383.0000
77.0600 6442.0000
77.0800 6262.0000
77.1000 6366.0000
77.1200 6242.0000
77.1400 6431.0000
77.1600 6470.0000
77.1800 6495.0000
77.2000 6413.0000
77.2200 6425.0000
77.2400 6686.0000
77.2600 6548.0000
77.2800 6776.0000
77.3000 6652.0000
77.3200 6609.0000
77.3400 6844.0000
77.3600 6887.0000
77.3800 6902.0000
77.4000 7102.0000
77.4200 7177.0000
77.4400 7472.0000
77.4600 7467.0000
77.4800 7675.0000
77.5000 7847.0000
77.5200 8025.0000
77.5400 8200.0000
77.5600 8645.0000
77.5800 8908.0000
77.6000 9178.0000
77.6200 9513.0000
77.6400 9694.0000
77.6600 9999.0000
77.6800 10132.0000
77.7000 10273.0000
77.7200 10333.0000
77.7400 10426.0000
77.7600 10343.0000
77.7800 10019.0000
77.8000 9947.0000
77.8200 9883.0000
77.8400 9738.0000
77.8600 9375.0000
77.8800 9582.0000
77.9000 9424.0000
77.9200 9174.0000
77.9400 9293.0000
77.9600 9013.0000
77.9800 8850.0000
78.0000 8598.0000
78.0200 8416.0000
78.0400 8286.0000
78.0600 8147.0000
78.0800 7878.0000
78.1000 7858.0000
78.1200 7582.0000
78.1400 7569.0000
78.1600 7423.0000
78.1800 7210.0000
78.2000 7029.0000
78.2200 6996.0000
78.2400 7061.0000
78.2600 7021.0000
78.2800 6913.0000
78.3000 6775.0000
78.3200 6696.0000
78.3400 6908.0000
78.3600 6736.0000
78.3800 6715.0000
78.4000 6641.0000
78.4200 6561.0000
78.4400 6557.0000
78.4600 6509.0000
78.4800 6529.0000
78.5000 6484.0000
78.5200 6542.0000
78.5400 6454.0000
78.5600 6460.0000
78.5800 6355.0000
78.6000 6270.0000
78.6200 6331.0000
78.6400 6354.0000
78.6600 6245.0000
78.6800 6277.0000
78.7000 6233.0000
78.7200 6219.0000
78.7400 6243.0000
78.7600 6276.0000
78.7800 6255.0000
78.8000 6330.0000
78.8200 6173.0000
78.8400 6232.0000
78.8600 5986.0000
78.8800 6206.0000
78.9000 6108.0000
78.9200 6229.0000
78.9400 6204.0000
78.9600 6008.0000
78.9800 6099.0000
79.0000 6037.0000
79.0200 6073.0000
79.0400 6159.0000
79.0600 6005.0000
79.0800 6227.0000
79.1000 6162.0000
79.1200 6019.0000
79.1400 6055.0000
79.1600 5981.0000
79.1800 6119.0000
79.2000 6132.0000
79.2200 6017.0000
79.2400 6138.0000
79.2600 5886.0000
79.2800 6066.0000
79.3000 6077.0000
79.3200 5939.0000
79.3400 6135.0000
79.3600 6183.0000
79.3800 6108.0000
79.4000 6068.0000
79.4200 6123.0000
79.4400 5946.0000
79.4600 6021.0000
79.4800 6088.0000
79.5000 6097.0000
79.5200 6069.0000
79.5400 6100.0000
79.5600 6024.0000
79.5800 6119.0000
79.6000 6077.0000
79.6200 6170.0000
79.6400 6085.0000
79.6600 6008.0000
79.6800 6025.0000
79.7000 6045.0000
79.7200 6101.0000
79.7400 6133.0000
79.7600 6036.0000
79.7800 6147.0000
79.8000 6056.0000
79.8200 6138.0000
79.8400 6052.0000
79.8600 6154.0000
79.8800 6022.0000
79.9000 6195.0000
79.9200 6048.0000
79.9400 6125.0000
79.9600 6088.0000
79.9800 6184.0000
80.0000 6184.0000
80.0200 6216.0000
80.0400 6129.0000
80.0600 6224.0000
80.0800 6107.0000
80.1000 6187.0000
80.1200 6206.0000
80.1400 6350.0000
80.1600 6181.0000
80.1800 6133.0000
80.2000 6177.0000
80.2200 6243.0000
80.2400 6203.0000
80.2600 6314.0000
80.2800 6230.0000
80.3000 6344.0000
80.3200 6268.0000
80.3400 6328.0000
80.3600 6283.0000
80.3800 6323.0000
80.4000 6077.0000
80.4200 6113.0000
80.4400 6327.0000
80.4600 6164.0000
80.4800 6246.0000
80.5000 6201.0000
80.5200 6111.0000
80.5400 6170.0000
80.5600 6214.0000
80.5800 6171.0000
80.6000 6167.0000
80.6200 6174.0000
80.6400 5993.0000
80.6600 6154.0000
80.6800 6230.0000
80.7000 6163.0000
80.7200 6139.0000
80.7400 6003.0000
80.7600 6060.0000
80.7800 6121.0000
80.8000 6158.0000
80.8200 6164.0000
80.8400 6107.0000
80.8600 6069.0000
80.8800 6235.0000
80.9000 6034.0000
80.9200 6155.0000
80.9400 6191.0000
80.9600 6091.0000
80.9800 5930.0000
81.0000 6148.0000
81.0200 5954.0000
81.0400 6101.0000
81.0600 6008.0000
81.0800 6094.0000
81.1000 5936.0000
81.1200 6014.0000
81.1400 6004.0000
81.1600 5963.0000
81.1800 6176.0000
81.2000 5955.0000
81.2200 5969.0000
81.2400 6050.0000
81.2600 5859.0000
81.2800 5859.0000
81.3000 5954.0000
81.3200 6068.0000
81.3400 6035.0000
81.3600 6024.0000
81.3800 5854.0000
81.4000 5984.0000
81.4200 5917.0000
81.4400 5902.0000
81.4600 6089.0000
81.4800 5912.0000
81.5000 6007.0000
81.5200 5801.0000
81.5400 5947.0000
81.5600 5963.0000
81.5800 5962.0000
81.6000 5956.0000
81.6200 6179.0000
81.6400 5912.0000
81.6600 5946.0000
81.6800 5982.0000
81.7000 5968.0000
81.7200 5941.0000
81.7400 5983.0000
81.7600 6078.0000
81.7800 5926.0000
81.8000 5905.0000
81.8200 6076.0000
81.8400 6030.0000
81.8600 6121.0000
81.8800 5922.0000
81.9000 5993.0000
81.9200 6057.0000
81.9400 6002.0000
81.9600 5883.0000
81.9800 6014.0000
82.0000 5956.0000
82.0200 5875.0000
82.0400 5895.0000
82.0600 6009.0000
82.0800 5975.0000
82.1000 5978.0000
82.1200 5954.0000
82.1400 5887.0000
82.1600 6016.0000
82.1800 6023.0000
82.2000 5956.0000
82.2200 5970.0000
82.2400 5845.0000
82.2600 5849.0000
82.2800 6002.0000
82.3000 5995.0000
82.3200 5933.0000
82.3400 5924.0000
82.3600 6035.0000
82.3800 5993.0000
82.4000 5959.0000
82.4200 5941.0000
82.4400 5932.0000
82.4600 6162.0000
82.4800 6023.0000
82.5000 5898.0000
82.5200 5857.0000
82.5400 5871.0000
82.5600 5924.0000
82.5800 5898.0000
82.6000 6082.0000
82.6200 6006.0000
82.6400 6013.0000
82.6600 5933.0000
82.6800 5846.0000
82.7000 5916.0000
82.7200 5961.0000
82.7400 5989.0000
82.7600 5961.0000
82.7800 5964.0000
82.8000 6030.0000
82.8200 6105.0000
82.8400 5818.0000
82.8600 6014.0000
82.8800 6011.0000
82.9000 5841.0000
82.9200 6064.0000
82.9400 6075.0000
82.9600 6036.0000
82.9800 5971.0000
83.0000 5938.0000
83.0200 5923.0000
83.0400 5912.0000
83.0600 5973.0000
83.0800 6013.0000
83.1000 5955.0000
83.1200 5896.0000
83.1400 5938.0000
83.1600 6001.0000
83.1800 6057.0000
83.2000 5879.0000
83.2200 5960.0000
83.2400 5999.0000
83.2600 5974.0000
83.2800 5958.0000
83.3000 5835.0000
83.3200 6024.0000
83.3400 5998.0000
83.3600 5966.0000
83.3800 5867.0000
83.4000 6074.0000
83.4200 5896.0000
83.4400 5982.0000
83.4600 6016.0000
83.4800 6058.0000
83.5000 5866.0000
83.5200 5936.0000
83.5400 5844.0000
83.5600 6092.0000
83.5800 5963.0000
83.6000 6051.0000
83.6200 5964.0000
83.6400 5908.0000
83.6600 6013.0000
83.6800 5945.0000
83.7000 5961.0000
83.7200 5971.0000
83.7400 6092.0000
83.7600 5862.0000
83.7800 5963.0000
83.8000 5970.0000
83.8200 6039.0000
83.8400 6085.0000
83.8600 5981.0000
83.8800 5901.0000
83.9000 6048.0000
83.9200 5941.0000
83.9400 5968.0000
83.9600 5989.0000
83.9800 6154.0000
84.0000 5932.0000
84.0200 5949.0000
84.0400 5940.0000
84.0600 6109.0000
84.0800 5921.0000
84.1000 5966.0000
84.1200 6113.0000
84.1400 5992.0000
84.1600 6071.0000
84.1800 6097.0000
84.2000 5867.0000
84.2200 6185.0000
84.2400 6014.0000
84.2600 5973.0000
84.2800 6086.0000
84.3000 6087.0000
84.3200 6084.0000
84.3400 5915.0000
84.3600 5977.0000
84.3800 6034.0000
84.4000 6111.0000
84.4200 6116.0000
84.4400 6068.0000
84.4600 6148.0000
84.4800 5972.0000
84.5000 6109.0000
84.5200 6052.0000
84.5400 6178.0000
84.5600 6027.0000
84.5800 6046.0000
84.6000 6086.0000
84.6200 6098.0000
84.6400 6179.0000
84.6600 6196.0000
84.6800 6092.0000
84.7000 5935.0000
84.7200 6197.0000
84.7400 6105.0000
84.7600 6175.0000
84.7800 6260.0000
84.8000 6202.0000
84.8200 6237.0000
84.8400 6240.0000
84.8600 6042.0000
84.8800 6130.0000
84.9000 6171.0000
84.9200 6049.0000
84.9400 6162.0000
84.9600 6215.0000
84.9800 6148.0000
85.0000 6183.0000
85.0200 6215.0000
85.0400 6121.0000
85.0600 6208.0000
85.0800 6171.0000
85.1000 6074.0000
85.1200 6236.0000
85.1400 6297.0000
85.1600 6193.0000
85.1800 6126.0000
85.2000 6048.0000
85.2200 6101.0000
85.2400 6021.0000
85.2600 6033.0000
85.2800 5991.0000
85.3000 6068.0000
85.3200 6196.0000
85.3400 6023.0000
85.3600 6064.0000
85.3800 5989.0000
85.4000 6095.0000
85.4200 6053.0000
85.4400 5951.0000
85.4600 6062.0000
85.4800 6014.0000
85.5000 5965.0000
85.5200 6097.0000
85.5400 6109.0000
85.5600 5905.0000
85.5800 5997.0000
85.6000 5974.0000
85.6200 6016.0000
85.6400 5958.0000
85.6600 6090.0000
85.6800 6147.0000
85.7000 6056.0000
85.7200 6060.0000
85.7400 5985.0000
85.7600 5963.0000
85.7800 5924.0000
85.8000 5910.0000
85.8200 6158.0000
85.8400 6014.0000
85.8600 6000.0000
85.8800 6064.0000
85.9000 6041.0000
85.9200 6152.0000
85.9400 5978.0000
85.9600 5942.0000
85.9800 6088.0000
86.0000 5931.0000
86.0200 6020.0000
86.0400 5957.0000
86.0600 5978.0000
86.0800 5901.0000
86.1000 6062.0000
86.1200 5945.0000
86.1400 6067.0000
86.1600 5939.0000
86.1800 5864.0000
86.2000 5967.0000
86.2200 6095.0000
86.2400 6182.0000
86.2600 6103.0000
86.2800 6072.0000
86.3000 6066.0000
86.3200 6127.0000
86.3400 6127.0000
86.3600 6179.0000
86.3800 6298.0000
86.4000 6240.0000
86.4200 6180.0000
86.4400 6408.0000
86.4600 6365.0000
86.4800 6524.0000
86.5000 6409.0000
86.5200 6538.0000
86.5400 6396.0000
86.5600 6613.0000
86.5800 6532.0000
86.6000 6764.0000
86.6200 6401.0000
86.6400 6528.0000
86.6600 6453.0000
86.6800 6768.0000
86.7000 6739.0000
86.7200 6589.0000
86.7400 6553.0000
86.7600 6507.0000
86.7800 6618.0000
86.8000 6555.0000
86.8200 6446.0000
86.8400 6481.0000
86.8600 6402.0000
86.8800 6478.0000
86.9000 6506.0000
86.9200 6462.0000
86.9400 6340.0000
86.9600 6373.0000
86.9800 6255.0000
87.0000 6343.0000
87.0200 6168.0000
87.0400 6377.0000
87.0600 6195.0000
87.0800 6287.0000
87.1000 6174.0000
87.1200 6185.0000
87.1400 6108.0000
87.1600 6086.0000
87.1800 6277.0000
87.2000 6184.0000
87.2200 6131.0000
87.2400 6187.0000
87.2600 5955.0000
87.2800 6027.0000
87.3000 6063.0000
87.3200 5941.0000
87.3400 5976.0000
87.3600 5930.0000
87.3800 6054.0000
87.4000 6117.0000
87.4200 6148.0000
87.4400 6140.0000
87.4600 6124.0000
87.4800 5983.0000
87.5000 6091.0000
87.5200 5872.0000
87.5400 5961.0000
87.5600 5967.0000
87.5800 6034.0000
87.6000 6147.0000
87.6200 6041.0000
87.6400 5859.0000
87.6600 5891.0000
87.6800 5959.0000
87.7000 6008.0000
87.7200 6118.0000
87.7400 5983.0000
87.7600 5932.0000
87.7800 6082.0000
87.8000 6036.0000
87.8200 6074.0000
87.8400 6096.0000
87.8600 6039.0000
87.8800 5943.0000
87.9000 5968.0000
87.9200 6072.0000
87.9400 5937.0000
87.9600 6121.0000
87.9800 6048.0000
88.0000 5971.0000
88.0200 5992.0000
88.0400 5976.0000
88.0600 6103.0000
88.0800 5882.0000
88.1000 5991.0000
88.1200 6032.0000
88.1400 5975.0000
88.1600 6076.0000
88.1800 6195.0000
88.2000 6080.0000
88.2200 5901.0000
88.2400 6087.0000
88.2600 6139.0000
88.2800 6019.0000
88.3000 6088.0000
88.3200 5914.0000
88.3400 6111.0000
88.3600 6078.0000
88.3800 6135.0000
88.4000 6110.0000
88.4200 6043.0000
88.4400 5970.0000
88.4600 6159.0000
88.4800 6022.0000
88.5000 6036.0000
88.5200 6019.0000
88.5400 6037.0000
88.5600 6041.0000
88.5800 5994.0000
88.6000 5958.0000
88.6200 6173.0000
88.6400 6169.0000
88.6600 6098.0000
88.6800 6218.0000
88.7000 6277.0000
88.7200 6068.0000
88.7400 6020.0000
88.7600 6088.0000
88.7800 6046.0000
88.8000 5959.0000
88.8200 5948.0000
88.8400 6047.0000
88.8600 6022.0000
88.8800 6074.0000
88.9000 5940.0000
88.9200 5972.0000
88.9400 6082.0000
88.9600 5955.0000
88.9800 5973.0000
89.0000 6050.0000
89.0200 6036.0000
89.0400 6057.0000
89.0600 6095.0000
89.0800 6070.0000
89.1000 6168.0000
89.1200 6077.0000
89.1400 5999.0000
89.1600 5990.0000
89.1800 6059.0000
89.2000 6163.0000
89.2200 6064.0000
89.2400 6117.0000
89.2600 6031.0000
89.2800 6270.0000
89.3000 6099.0000
89.3200 6126.0000
89.3400 6110.0000
89.3600 6036.0000
89.3800 5884.0000
89.4000 6141.0000
89.4200 6127.0000
89.4400 6104.0000
89.4600 6096.0000
89.4800 6076.0000
89.5000 6138.0000
89.5200 6120.0000
89.5400 6023.0000
89.5600 6146.0000
89.5800 6156.0000
89.6000 6064.0000
89.6200 6047.0000
89.6400 6103.0000
89.6600 6121.0000
89.6800 6171.0000
89.7000 6132.0000
89.7200 6075.0000
89.7400 6129.0000
89.7600 6190.0000
89.7800 6309.0000
89.8000 6119.0000
89.8200 6177.0000
89.8400 6144.0000
89.8600 6211.0000
89.8800 6210.0000
89.9000 6309.0000
89.9200 6310.0000
89.9400 6231.0000
89.9600 6228.0000
89.9800 6162.0000
90.0000 6227.0000
