#Intensity_unit=counts
#Attenuator_coefficient=1.0000
5.0000 16989.0000
5.0200 17190.0000
5.0400 17155.0000
5.0600 17054.0000
5.0800 17094.0000
5.1000 17017.0000
5.1200 16860.0000
5.1400 17244.0000
5.1600 16842.0000
5.1800 17116.0000
5.2000 16970.0000
5.2200 16830.0000
5.2400 16616.0000
5.2600 16901.0000
5.2800 16873.0000
5.3000 16824.0000
5.3200 16897.0000
5.3400 16831.0000
5.3600 17092.0000
5.3800 16707.0000
5.4000 16625.0000
5.4200 16626.0000
5.4400 16712.0000
5.4600 16767.0000
5.4800 16755.0000
5.5000 16264.0000
5.5200 16713.0000
5.5400 16492.0000
5.5600 16425.0000
5.5800 16694.0000
5.6000 16481.0000
5.6200 16713.0000
5.6400 16496.0000
5.6600 16315.0000
5.6800 16335.0000
5.7000 16200.0000
5.7200 16236.0000
5.7400 16149.0000
5.7600 16294.0000
5.7800 16383.0000
5.8000 16318.0000
5.8200 16026.0000
5.8400 16390.0000
5.8600 16330.0000
5.8800 16282.0000
5.9000 16217.0000
5.9200 16099.0000
5.9400 15881.0000
5.9600 16054.0000
5.9800 16114.0000
6.0000 15909.0000
6.0200 15876.0000
6.0400 15999.0000
6.0600 16087.0000
6.0800 15939.0000
6.1000 15989.0000
6.1200 15861.0000
6.1400 15770.0000
6.1600 15768.0000
6.1800 15932.0000
6.2000 15739.0000
6.2200 15950.0000
6.2400 15874.0000
6.2600 15793.0000
6.2800 15792.0000
6.3000 15707.0000
6.3200 15587.0000
6.3400 15689.0000
6.3600 15696.0000
6.3800 15845.0000
6.4000 15683.0000
6.4200 15697.0000
6.4400 15668.0000
6.4600 15613.0000
6.4800 15559.0000
6.5000 15758.0000
6.5200 15599.0000
6.5400 15585.0000
6.5600 15316.0000
6.5800 15489.0000
6.6000 15548.0000
6.6200 15512.0000
6.6400 15315.0000
6.6600 15289.0000
6.6800 15384.0000
6.7000 15327.0000
6.7200 15246.0000
6.7400 15390.0000
6.7600 15303.0000
6.7800 15372.0000
6.8000 15411.0000
6.8200 15483.0000
6.8400 15341.0000
6.8600 15268.0000
6.8800 15070.0000
6.9000 15173.0000
6.9200 15135.0000
6.9400 15296.0000
6.9600 15132.0000
6.9800 14982.0000
7.0000 15197.0000
7.0200 15068.0000
7.0400 15016.0000
7.0600 15131.0000
7.0800 14963.0000
7.1000 14959.0000
7.1200 14928.0000
7.1400 14957.0000
7.1600 14951.0000
7.1800 14881.0000
7.2000 14859.0000
7.2200 14967.0000
7.2400 15068.0000
7.2600 14933.0000
7.2800 14671.0000
7.3000 14614.0000
7.3200 14935.0000
7.3400 14663.0000
7.3600 14560.0000
7.3800 14842.0000
7.4000 14633.0000
7.4200 14760.0000
7.4400 14601.0000
7.4600 14968.0000
7.4800 14661.0000
7.5000 14699.0000
7.5200 14447.0000
7.5400 14816.0000
7.5600 14539.0000
7.5800 14727.0000
7.6000 14695.0000
7.6200 14580.0000
7.6400 14643.0000
7.6600 14521.0000
7.6800 14486.0000
7.7000 14402.0000
7.7200 14672.0000
7.7400 14513.0000
7.7600 14566.0000
7.7800 14508.0000
7.8000 14593.0000
7.8200 14442.0000
7.8400 14445.0000
7.8600 14379.0000
7.8800 14478.0000
7.9000 14381.0000
7.9200 14514.0000
7.9400 14430.0000
7.9600 14346.0000
7.9800 14392.0000
8.0000 14452.0000
8.0200 14352.0000
8.0400 14228.0000
8.0600 14400.0000
8.0800 14442.0000
8.1000 14283.0000
8.1200 14018.0000
8.1400 14397.0000
8.1600 14329.0000
8.1800 13882.0000
8.2000 14187.0000
8.2200 14227.0000
8.2400 14306.0000
8.2600 14084.0000
8.2800 14060.0000
8.3000 13996.0000
8.3200 14001.0000
8.3400 14210.0000
8.3600 14009.0000
8.3800 14149.0000
8.4000 14137.0000
8.4200 14059.0000
8.4400 13985.0000
8.4600 14119.0000
8.4800 14124.0000
8.5000 14041.0000
8.5200 14080.0000
8.5400 13944.0000
8.5600 13974.0000
8.5800 13742.0000
8.6000 13920.0000
8.6200 13890.0000
8.6400 13856.0000
8.6600 13950.0000
8.6800 13883.0000
8.7000 13867.0000
8.7200 13711.0000
8.7400 13813.0000
8.7600 13862.0000
8.7800 13712.0000
8.8000 14029.0000
8.8200 13679.0000
8.8400 13594.0000
8.8600 13956.0000
8.8800 13660.0000
8.9000 13908.0000
8.9200 13739.0000
8.9400 13586.0000
8.9600 13647.0000
8.9800 13385.0000
9.0000 13638.0000
9.0200 13656.0000
9.0400 13588.0000
9.0600 13641.0000
9.0800 13543.0000
9.1000 13758.0000
9.1200 13597.0000
9.1400 13429.0000
9.1600 13697.0000
9.1800 13578.0000
9.2000 13498.0000
9.2200 13505.0000
9.2400 13434.0000
9.2600 13407.0000
9.2800 13449.0000
9.3000 13543.0000
9.3200 13368.0000
9.3400 13379.0000
9.3600 13062.0000
9.3800 13198.0000
9.4000 13355.0000
9.4200 13153.0000
9.4400 13274.0000
9.4600 13256.0000
9.4800 13125.0000
9.5000 13301.0000
9.5200 13301.0000
9.5400 13175.0000
9.5600 13166.0000
9.5800 13238.0000
9.6000 13119.0000
9.6200 13140.0000
9.6400 13186.0000
9.6600 12908.0000
9.6800 13003.0000
9.7000 13157.0000
9.7200 12973.0000
9.7400 13029.0000
9.7600 13005.0000
9.7800 13084.0000
9.8000 13110.0000
9.8200 13096.0000
9.8400 13016.0000
9.8600 13111.0000
9.8800 13090.0000
9.9000 12992.0000
9.9200 13076.0000
9.9400 13006.0000
9.9600 13108.0000
9.9800 13006.0000
10.0000 12927.0000
10.0200 12875.0000
10.0400 12984.0000
10.0600 12956.0000
10.0800 12754.0000
10.1000 12942.0000
10.1200 12721.0000
10.1400 12749.0000
10.1600 12713.0000
10.1800 12614.0000
10.2000 12704.0000
10.2200 12826.0000
10.2400 12912.0000
10.2600 12631.0000
10.2800 12905.0000
10.3000 12790.0000
10.3200 12635.0000
10.3400 12715.0000
10.3600 12572.0000
10.3800 12798.0000
10.4000 12651.0000
10.4200 12627.0000
10.4400 12583.0000
10.4600 12491.0000
10.4800 12575.0000
10.5000 12515.0000
10.5200 12710.0000
10.5400 12649.0000
10.5600 12742.0000
10.5800 12419.0000
10.6000 12585.0000
10.6200 12593.0000
10.6400 12441.0000
10.6600 12377.0000
10.6800 12276.0000
10.7000 12292.0000
10.7200 12579.0000
10.7400 12449.0000
10.7600 12640.0000
10.7800 12329.0000
10.8000 12452.0000
10.8200 12399.0000
10.8400 12202.0000
10.8600 12416.0000
10.8800 12348.0000
10.9000 12384.0000
10.9200 12583.0000
10.9400 12271.0000
10.9600 12355.0000
10.9800 12322.0000
11.0000 12453.0000
11.0200 12336.0000
11.0400 12210.0000
11.0600 12205.0000
11.0800 12110.0000
11.1000 12223.0000
11.1200 12180.0000
11.1400 12187.0000
11.1600 12321.0000
11.1800 12189.0000
11.2000 12124.0000
11.2200 12123.0000
11.2400 12280.0000
11.2600 12072.0000
11.2800 12186.0000
11.3000 12097.0000
11.3200 11972.0000
11.3400 12258.0000
11.3600 12210.0000
11.3800 12050.0000
11.4000 12253.0000
11.4200 12063.0000
11.4400 12186.0000
11.4600 12048.0000
11.4800 12115.0000
11.5000 12146.0000
11.5200 11939.0000
11.5400 12089.0000
11.5600 11904.0000
11.5800 11890.0000
11.6000 12038.0000
11.6200 12013.0000
11.6400 12104.0000
11.6600 12084.0000
11.6800 12002.0000
11.7000 11823.0000
11.7200 11919.0000
11.7400 11820.0000
11.7600 11975.0000
11.7800 11788.0000
11.8000 11927.0000
11.8200 11885.0000
11.8400 11998.0000
11.8600 11876.0000
11.8800 11768.0000
11.9000 11758.0000
11.9200 11949.0000
11.9400 11949.0000
11.9600 11762.0000
11.9800 11850.0000
12.0000 11706.0000
12.0200 11833.0000
12.0400 11689.0000
12.0600 11821.0000
12.0800 11651.0000
12.1000 11666.0000
12.1200 11846.0000
12.1400 11627.0000
12.1600 11806.0000
12.1800 11674.0000
12.2000 11794.0000
12.2200 11384.0000
12.2400 11756.0000
12.2600 11655.0000
12.2800 11816.0000
12.3000 11597.0000
12.3200 11641.0000
12.3400 11526.0000
12.3600 11482.0000
12.3800 11546.0000
12.4000 11507.0000
12.4200 11671.0000
12.4400 11468.0000
12.4600 11562.0000
12.4800 11532.0000
12.5000 11510.0000
12.5200 11660.0000
12.5400 11259.0000
12.5600 11443.0000
12.5800 11458.0000
12.6000 11451.0000
12.6200 11440.0000
12.6400 11385.0000
12.6600 11370.0000
12.6800 11182.0000
12.7000 11450.0000
12.7200 11383.0000
12.7400 11255.0000
12.7600 11522.0000
12.7800 11452.0000
12.8000 11371.0000
12.8200 11401.0000
12.8400 11274.0000
12.8600 11459.0000
12.8800 11467.0000
12.9000 11483.0000
12.9200 11397.0000
12.9400 11411.0000
12.9600 11403.0000
12.9800 11419.0000
13.0000 11382.0000
13.0200 11354.0000
13.0400 11257.0000
13.0600 11386.0000
13.0800 11304.0000
13.1000 11459.0000
13.1200 11406.0000
13.1400 11315.0000
13.1600 11279.0000
13.1800 11241.0000
13.2000 11333.0000
13.2200 11433.0000
13.2400 11321.0000
13.2600 11262.0000
13.2800 11266.0000
13.3000 11276.0000
13.3200 11273.0000
13.3400 11293.0000
13.3600 11316.0000
13.3800 11158.0000
13.4000 11121.0000
13.4200 11356.0000
13.4400 11071.0000
13.4600 11240.0000
13.4800 11193.0000
13.5000 11154.0000
13.5200 11155.0000
13.5400 11120.0000
13.5600 11093.0000
13.5800 11366.0000
13.6000 11209.0000
13.6200 11209.0000
13.6400 11102.0000
13.6600 11241.0000
13.6800 11431.0000
13.7000 11191.0000
13.7200 11384.0000
13.7400 11195.0000
13.7600 11258.0000
13.7800 11385.0000
13.8000 11405.0000
13.8200 11239.0000
13.8400 11296.0000
13.8600 11385.0000
13.8800 11496.0000
13.9000 11402.0000
13.9200 11350.0000
13.9400 11431.0000
13.9600 11633.0000
13.9800 11575.0000
14.0000 11406.0000
14.0200 11608.0000
14.0400 11614.0000
14.0600 11581.0000
14.0800 11421.0000
14.1000 11604.0000
14.1200 11593.0000
14.1400 11654.0000
14.1600 11728.0000
14.1800 11828.0000
14.2000 11495.0000
14.2200 11658.0000
14.2400 11807.0000
14.2600 11608.0000
14.2800 11650.0000
14.3000 11499.0000
14.3200 11685.0000
14.3400 11354.0000
14.3600 11540.0000
14.3800 11496.0000
14.4000 11491.0000
14.4200 11221.0000
14.4400 11476.0000
14.4600 11395.0000
14.4800 11372.0000
14.5000 11156.0000
14.5200 11468.0000
14.5400 11525.0000
14.5600 11191.0000
14.5800 11159.0000
14.6000 11175.0000
14.6200 11280.0000
14.6400 11275.0000
14.6600 11167.0000
14.6800 11171.0000
14.7000 10950.0000
14.7200 11014.0000
14.7400 11232.0000
14.7600 10902.0000
14.7800 11165.0000
14.8000 10994.0000
14.8200 11059.0000
14.8400 11112.0000
14.8600 11166.0000
14.8800 11113.0000
14.9000 11114.0000
14.9200 11187.0000
14.9400 11102.0000
14.9600 11057.0000
14.9800 11295.0000
15.0000 11115.0000
15.0200 11021.0000
15.0400 10946.0000
15.0600 10989.0000
15.0800 10948.0000
15.1000 10959.0000
15.1200 10982.0000
15.1400 10937.0000
15.1600 11021.0000
15.1800 11142.0000
15.2000 11048.0000
15.2200 10824.0000
15.2400 10911.0000
15.2600 10944.0000
15.2800 10905.0000
15.3000 10831.0000
15.3200 10933.0000
15.3400 10940.0000
15.3600 10772.0000
15.3800 10968.0000
15.4000 10765.0000
15.4200 10972.0000
15.4400 10852.0000
15.4600 10825.0000
15.4800 10783.0000
15.5000 10799.0000
15.5200 10806.0000
15.5400 10867.0000
15.5600 10835.0000
15.5800 10807.0000
15.6000 10659.0000
15.6200 10896.0000
15.6400 10901.0000
15.6600 10828.0000
15.6800 10907.0000
15.7000 10829.0000
15.7200 10955.0000
15.7400 10845.0000
15.7600 10904.0000
15.7800 10937.0000
15.8000 10869.0000
15.8200 11124.0000
15.8400 11029.0000
15.8600 11085.0000
15.8800 11147.0000
15.9000 11181.0000
15.9200 11055.0000
15.9400 11072.0000
15.9600 11145.0000
15.9800 11287.0000
16.0000 11331.0000
16.0200 11493.0000
16.0400 11681.0000
16.0600 11692.0000
16.0800 11625.0000
16.1000 11938.0000
16.1200 11989.0000
16.1400 12227.0000
16.1600 12095.0000
16.1800 12572.0000
16.2000 12501.0000
16.2200 12697.0000
16.2400 12841.0000
16.2600 13133.0000
16.2800 13423.0000
16.3000 13747.0000
16.3200 14112.0000
16.3400 14637.0000
16.3600 15499.0000
16.3800 16453.0000
16.4000 17272.0000
16.4200 19312.0000
16.4400 21595.0000
16.4600 24500.0000
16.4800 28618.0000
16.5000 34386.0000
16.5200 42169.0000
16.5400 51734.0000
16.5600 62477.0000
16.5800 73909.0000
16.6000 83973.0000
16.6200 89925.0000
16.6400 90144.0000
16.6600 83789.0000
16.6800 73167.0000
16.7000 59480.0000
16.7200 47740.0000
16.7400 38229.0000
16.7600 30550.0000
16.7800 25415.0000
16.8000 21662.0000
16.8200 18982.0000
16.8400 17183.0000
16.8600 15769.0000
16.8800 14864.0000
16.9000 14222.0000
16.9200 13419.0000
16.9400 13223.0000
16.9600 12744.0000
16.9800 12267.0000
17.0000 12189.0000
17.0200 11839.0000
17.0400 11777.0000
17.0600 11614.0000
17.0800 11363.0000
17.1000 11165.0000
17.1200 11278.0000
17.1400 11149.0000
17.1600 10940.0000
17.1800 10963.0000
17.2000 10938.0000
17.2200 10897.0000
17.2400 10796.0000
17.2600 10784.0000
17.2800 10755.0000
17.3000 10854.0000
17.3200 10814.0000
17.3400 10697.0000
17.3600 10511.0000
17.3800 10397.0000
17.4000 10583.0000
17.4200 10568.0000
17.4400 10494.0000
17.4600 10328.0000
17.4800 10280.0000
17.5000 10451.0000
17.5200 10421.0000
17.5400 10188.0000
17.5600 10349.0000
17.5800 10151.0000
17.6000 10251.0000
17.6200 10131.0000
17.6400 10150.0000
17.6600 10161.0000
17.6800 10284.0000
17.7000 10203.0000
17.7200 10208.0000
17.7400 10023.0000
17.7600 10062.0000
17.7800 10314.0000
17.8000 10043.0000
17.8200 10135.0000
17.8400 10133.0000
17.8600 10127.0000
17.8800 10008.0000
17.9000 10214.0000
17.9200 10152.0000
17.9400 10059.0000
17.9600 10040.0000
17.9800 10006.0000
18.0000 9944.0000
18.0200 10136.0000
18.0400 9827.0000
18.0600 10140.0000
18.0800 9973.0000
18.1000 10075.0000
18.1200 10008.0000
18.1400 9888.0000
18.1600 9750.0000
18.1800 9835.0000
18.2000 9841.0000
18.2200 9727.0000
18.2400 9904.0000
18.2600 9876.0000
18.2800 9841.0000
18.3000 9974.0000
18.3200 9798.0000
18.3400 9879.0000
18.3600 9797.0000
18.3800 9776.0000
18.4000 9808.0000
18.4200 9702.0000
18.4400 9600.0000
18.4600 9802.0000
18.4800 9652.0000
18.5000 9833.0000
18.5200 9876.0000
18.5400 9812.0000
18.5600 9668.0000
18.5800 9643.0000
18.6000 9762.0000
18.6200 9779.0000
18.6400 9774.0000
18.6600 9759.0000
18.6800 9728.0000
18.7000 9549.0000
18.7200 9537.0000
18.7400 9720.0000
18.7600 9749.0000
18.7800 9763.0000
18.8000 9651.0000
18.8200 9760.0000
18.8400 9733.0000
18.8600 9747.0000
18.8800 9653.0000
18.9000 9785.0000
18.9200 9549.0000
18.9400 9679.0000
18.9600 9750.0000
18.9800 9622.0000
19.0000 9743.0000
19.0200 9544.0000
19.0400 9527.0000
19.0600 9677.0000
19.0800 9434.0000
19.1000 9652.0000
19.1200 9468.0000
19.1400 9545.0000
19.1600 9594.0000
19.1800 9515.0000
19.2000 9504.0000
19.2200 9789.0000
19.2400 9639.0000
19.2600 9423.0000
19.2800 9509.0000
19.3000 9520.0000
19.3200 9391.0000
19.3400 9503.0000
19.3600 9540.0000
19.3800 9362.0000
19.4000 9458.0000
19.4200 9453.0000
19.4400 9422.0000
19.4600 9523.0000
19.4800 9505.0000
19.5000 9398.0000
19.5200 9366.0000
19.5400 9632.0000
19.5600 9597.0000
19.5800 9375.0000
19.6000 9413.0000
19.6200 9480.0000
19.6400 9361.0000
19.6600 9235.0000
19.6800 9413.0000
19.7000 9420.0000
19.7200 9432.0000
19.7400 9253.0000
19.7600 9430.0000
19.7800 9213.0000
19.8000 9403.0000
19.8200 9235.0000
19.8400 9315.0000
19.8600 9240.0000
19.8800 9284.0000
19.9000 9279.0000
19.9200 9459.0000
19.9400 9169.0000
19.9600 9370.0000
19.9800 9264.0000
20.0000 9279.0000
20.0200 9247.0000
20.0400 9247.0000
20.0600 9244.0000
20.0800 9291.0000
20.1000 9212.0000
20.1200 9376.0000
20.1400 9382.0000
20.1600 9200.0000
20.1800 9124.0000
20.2000 9293.0000
20.2200 9091.0000
20.2400 9176.0000
20.2600 9314.0000
20.2800 9209.0000
20.3000 9137.0000
20.3200 9246.0000
20.3400 9231.0000
20.3600 9176.0000
20.3800 9146.0000
20.4000 9168.0000
20.4200 9262.0000
20.4400 9251.0000
20.4600 9145.0000
20.4800 9120.0000
20.5000 9114.0000
20.5200 9074.0000
20.5400 9007.0000
20.5600 9017.0000
20.5800 9048.0000
20.6000 9118.0000
20.6200 9174.0000
20.6400 9106.0000
20.6600 9039.0000
20.6800 9204.0000
20.7000 9098.0000
20.7200 8993.0000
20.7400 9084.0000
20.7600 9101.0000
20.7800 9104.0000
20.8000 9004.0000
20.8200 9015.0000
20.8400 8916.0000
20.8600 8992.0000
20.8800 9160.0000
20.9000 8925.0000
20.9200 8945.0000
20.9400 8948.0000
20.9600 9040.0000
20.9800 9041.0000
21.0000 9015.0000
21.0200 8951.0000
21.0400 8828.0000
21.0600 8995.0000
21.0800 9092.0000
21.1000 8859.0000
21.1200 8843.0000
21.1400 8795.0000
21.1600 8952.0000
21.1800 9016.0000
21.2000 8950.0000
21.2200 8921.0000
21.2400 8901.0000
21.2600 8886.0000
21.2800 8998.0000
21.3000 8965.0000
21.3200 8871.0000
21.3400 8746.0000
21.3600 8700.0000
21.3800 8933.0000
21.4000 8853.0000
21.4200 8980.0000
21.4400 8840.0000
21.4600 8849.0000
21.4800 8850.0000
21.5000 8887.0000
21.5200 8759.0000
21.5400 8833.0000
21.5600 8729.0000
21.5800 8857.0000
21.6000 8824.0000
21.6200 8539.0000
21.6400 8751.0000
21.6600 8676.0000
21.6800 8865.0000
21.7000 8749.0000
21.7200 8871.0000
21.7400 8708.0000
21.7600 8673.0000
21.7800 8859.0000
21.8000 8738.0000
21.8200 8655.0000
21.8400 8607.0000
21.8600 8690.0000
21.8800 8753.0000
21.9000 8706.0000
21.9200 8833.0000
21.9400 8701.0000
21.9600 8684.0000
21.9800 8613.0000
22.0000 8867.0000
22.0200 8598.0000
22.0400 8712.0000
22.0600 8744.0000
22.0800 8816.0000
22.1000 8809.0000
22.1200 8814.0000
22.1400 8548.0000
22.1600 8608.0000
22.1800 8573.0000
22.2000 8777.0000
22.2200 8646.0000
22.2400 8553.0000
22.2600 8708.0000
22.2800 8535.0000
22.3000 8575.0000
22.3200 8593.0000
22.3400 8627.0000
22.3600 8511.0000
22.3800 8725.0000
22.4000 8596.0000
22.4200 8640.0000
22.4400 8612.0000
22.4600 8489.0000
22.4800 8515.0000
22.5000 8375.0000
22.5200 8353.0000
22.5400 8638.0000
22.5600 8492.0000
22.5800 8574.0000
22.6000 8490.0000
22.6200 8487.0000
22.6400 8441.0000
22.6600 8558.0000
22.6800 8567.0000
22.7000 8600.0000
22.7200 8460.0000
22.7400 8437.0000
22.7600 8445.0000
22.7800 8436.0000
22.8000 8378.0000
22.8200 8334.0000
22.8400 8417.0000
22.8600 8455.0000
22.8800 8557.0000
22.9000 8424.0000
22.9200 8479.0000
22.9400 8610.0000
22.9600 8606.0000
22.9800 8373.0000
23.0000 8486.0000
23.0200 8502.0000
23.0400 8495.0000
23.0600 8604.0000
23.0800 8462.0000
23.1000 8561.0000
23.1200 8361.0000
23.1400 8440.0000
23.1600 8505.0000
23.1800 8521.0000
23.2000 8315.0000
23.2200 8368.0000
23.2400 8276.0000
23.2600 8528.0000
23.2800 8297.0000
23.3000 8433.0000
23.3200 8398.0000
23.3400 8363.0000
23.3600 8280.0000
23.3800 8334.0000
23.4000 8354.0000
23.4200 8416.0000
23.4400 8370.0000
23.4600 8395.0000
23.4800 8290.0000
23.5000 8208.0000
23.5200 8375.0000
23.5400 8366.0000
23.5600 8246.0000
23.5800 8382.0000
23.6000 8549.0000
23.6200 8353.0000
23.6400 8319.0000
23.6600 8371.0000
23.6800 8224.0000
23.7000 8300.0000
23.7200 8369.0000
23.7400 8437.0000
23.7600 8415.0000
23.7800 8383.0000
23.8000 8210.0000
23.8200 8434.0000
23.8400 8150.0000
23.8600 8342.0000
23.8800 8274.0000
23.9000 8247.0000
23.9200 8392.0000
23.9400 8350.0000
23.9600 8245.0000
23.9800 8248.0000
24.0000 8235.0000
24.0200 8234.0000
24.0400 8220.0000
24.0600 8327.0000
24.0800 8248.0000
24.1000 8372.0000
24.1200 8329.0000
24.1400 8086.0000
24.1600 8219.0000
24.1800 8212.0000
24.2000 8141.0000
24.2200 8294.0000
24.2400 8307.0000
24.2600 8389.0000
24.2800 8284.0000
24.3000 8122.0000
24.3200 8168.0000
24.3400 8276.0000
24.3600 8090.0000
24.3800 8203.0000
24.4000 8333.0000
24.4200 8218.0000
24.4400 8232.0000
24.4600 8222.0000
24.4800 8029.0000
24.5000 8323.0000
24.5200 8076.0000
24.5400 8202.0000
24.5600 8115.0000
24.5800 8041.0000
24.6000 8228.0000
24.6200 8088.0000
24.6400 8067.0000
24.6600 8268.0000
24.6800 8132.0000
24.7000 8125.0000
24.7200 8223.0000
24.7400 7998.0000
24.7600 8058.0000
24.7800 8188.0000
24.8000 8059.0000
24.8200 7875.0000
24.8400 8131.0000
24.8600 8170.0000
24.8800 8017.0000
24.9000 8147.0000
24.9200 8145.0000
24.9400 8077.0000
24.9600 8186.0000
24.9800 8215.0000
25.0000 8169.0000
25.0200 7978.0000
25.0400 8125.0000
25.0600 8043.0000
25.0800 8045.0000
25.1000 8064.0000
25.1200 8037.0000
25.1400 8094.0000
25.1600 8161.0000
25.1800 8037.0000
25.2000 8022.0000
25.2200 8012.0000
25.2400 8085.0000
25.2600 7947.0000
25.2800 7864.0000
25.3000 8040.0000
25.3200 7980.0000
25.3400 8179.0000
25.3600 7967.0000
25.3800 7968.0000
25.4000 8013.0000
25.4200 8037.0000
25.4400 8035.0000
25.4600 8021.0000
25.4800 7984.0000
25.5000 7974.0000
25.5200 7978.0000
25.5400 8048.0000
25.5600 8022.0000
25.5800 7874.0000
25.6000 8017.0000
25.6200 7975.0000
25.6400 8127.0000
25.6600 7980.0000
25.6800 7953.0000
25.7000 8074.0000
25.7200 8004.0000
25.7400 8006.0000
25.7600 7892.0000
25.7800 7920.0000
25.8000 8014.0000
25.8200 7905.0000
25.8400 7969.0000
25.8600 7956.0000
25.8800 7818.0000
25.9000 7922.0000
25.9200 7997.0000
25.9400 7939.0000
25.9600 7864.0000
25.9800 7998.0000
26.0000 7962.0000
26.0200 7957.0000
26.0400 8062.0000
26.0600 7873.0000
26.0800 7970.0000
26.1000 7904.0000
26.1200 7809.0000
26.1400 7849.0000
26.1600 7859.0000
26.1800 7992.0000
26.2000 7955.0000
26.2200 7786.0000
26.2400 7937.0000
26.2600 7825.0000
26.2800 7919.0000
26.3000 7824.0000
26.3200 7864.0000
26.3400 8021.0000
26.3600 7906.0000
26.3800 7784.0000
26.4000 7953.0000
26.4200 7960.0000
26.4400 7805.0000
26.4600 7906.0000
26.4800 7930.0000
26.5000 7751.0000
26.5200 7772.0000
26.5400 7656.0000
26.5600 7628.0000
26.5800 7929.0000
26.6000 7733.0000
26.6200 7631.0000
26.6400 7931.0000
26.6600 7749.0000
26.6800 7720.0000
26.7000 7764.0000
26.7200 7812.0000
26.7400 7886.0000
26.7600 7771.0000
26.7800 7621.0000
26.8000 7821.0000
26.8200 7771.0000
26.8400 7875.0000
26.8600 7724.0000
26.8800 7884.0000
26.9000 7814.0000
26.9200 7797.0000
26.9400 7710.0000
26.9600 7829.0000
26.9800 7685.0000
27.0000 7661.0000
27.0200 7884.0000
27.0400 7839.0000
27.0600 7805.0000
27.0800 7711.0000
27.1000 7809.0000
27.1200 7786.0000
27.1400 7750.0000
27.1600 7792.0000
27.1800 7705.0000
27.2000 7783.0000
27.2200 7730.0000
27.2400 7775.0000
27.2600 7658.0000
27.2800 7844.0000
27.3000 7939.0000
27.3200 7882.0000
27.3400 7807.0000
27.3600 7926.0000
27.3800 7634.0000
27.4000 7650.0000
27.4200 7786.0000
27.4400 7879.0000
27.4600 7984.0000
27.4800 7742.0000
27.5000 7833.0000
27.5200 7804.0000
27.5400 7739.0000
27.5600 7871.0000
27.5800 7823.0000
27.6000 7749.0000
27.6200 7672.0000
27.6400 7877.0000
27.6600 7592.0000
27.6800 7754.0000
27.7000 7722.0000
27.7200 7786.0000
27.7400 7751.0000
27.7600 7881.0000
27.7800 7653.0000
27.8000 7576.0000
27.8200 7524.0000
27.8400 7799.0000
27.8600 7743.0000
27.8800 7669.0000
27.9000 7651.0000
27.9200 8021.0000
27.9400 7687.0000
27.9600 7627.0000
27.9800 7663.0000
28.0000 7681.0000
28.0200 7538.0000
28.0400 7855.0000
28.0600 7705.0000
28.0800 7741.0000
28.1000 7605.0000
28.1200 7686.0000
28.1400 7721.0000
28.1600 7805.0000
28.1800 7823.0000
28.2000 7809.0000
28.2200 7621.0000
28.2400 7762.0000
28.2600 7670.0000
28.2800 7784.0000
28.3000 7767.0000
28.3200 7670.0000
28.3400 7722.0000
28.3600 7806.0000
28.3800 7702.0000
28.4000 7614.0000
28.4200 7655.0000
28.4400 7776.0000
28.4600 7756.0000
28.4800 7633.0000
28.5000 7584.0000
28.5200 7652.0000
28.5400 7543.0000
28.5600 7803.0000
28.5800 7687.0000
28.6000 7534.0000
28.6200 7785.0000
28.6400 7534.0000
28.6600 7597.0000
28.6800 7626.0000
28.7000 7628.0000
28.7200 7589.0000
28.7400 7650.0000
28.7600 7716.0000
28.7800 7737.0000
28.8000 7579.0000
28.8200 7641.0000
28.8400 7491.0000
28.8600 7533.0000
28.8800 7604.0000
28.9000 7608.0000
28.9200 7578.0000
28.9400 7567.0000
28.9600 7697.0000
28.9800 7577.0000
29.0000 7602.0000
29.0200 7641.0000
29.0400 7673.0000
29.0600 7515.0000
29.0800 7529.0000
29.1000 7504.0000
29.1200 7433.0000
29.1400 7516.0000
29.1600 7603.0000
29.1800 7655.0000
29.2000 7461.0000
29.2200 7468.0000
29.2400 7542.0000
29.2600 7532.0000
29.2800 7657.0000
29.3000 7652.0000
29.3200 7528.0000
29.3400 7545.0000
29.3600 7778.0000
29.3800 7578.0000
29.4000 7434.0000
29.4200 7575.0000
29.4400 7538.0000
29.4600 7376.0000
29.4800 7580.0000
29.5000 7443.0000
29.5200 7499.0000
29.5400 7593.0000
29.5600 7608.0000
29.5800 7449.0000
29.6000 7475.0000
29.6200 7481.0000
29.6400 7498.0000
29.6600 7450.0000
29.6800 7457.0000
29.7000 7366.0000
29.7200 7417.0000
29.7400 7365.0000
29.7600 7568.0000
29.7800 7418.0000
29.8000 7427.0000
29.8200 7456.0000
29.8400 7536.0000
29.8600 7518.0000
29.8800 7412.0000
29.9000 7412.0000
29.9200 7536.0000
29.9400 7478.0000
29.9600 7509.0000
29.9800 7469.0000
30.0000 7558.0000
30.0200 7505.0000
30.0400 7526.0000
30.0600 7528.0000
30.0800 7498.0000
30.1000 7570.0000
30.1200 7542.0000
30.1400 7511.0000
30.1600 7619.0000
30.1800 7372.0000
30.2000 7280.0000
30.2200 7328.0000
30.2400 7395.0000
30.2600 7437.0000
30.2800 7508.0000
30.3000 7378.0000
30.3200 7437.0000
30.3400 7483.0000
30.3600 7436.0000
30.3800 7405.0000
30.4000 7515.0000
30.4200 7563.0000
30.4400 7452.0000
30.4600 7303.0000
30.4800 7660.0000
30.5000 7335.0000
30.5200 7323.0000
30.5400 7414.0000
30.5600 7434.0000
30.5800 7229.0000
30.6000 7311.0000
30.6200 7358.0000
30.6400 7428.0000
30.6600 7398.0000
30.6800 7244.0000
30.7000 7353.0000
30.7200 7486.0000
30.7400 7170.0000
30.7600 7300.0000
30.7800 7274.0000
30.8000 7325.0000
30.8200 7222.0000
30.8400 7318.0000
30.8600 7490.0000
30.8800 7356.0000
30.9000 7220.0000
30.9200 7213.0000
30.9400 7372.0000
30.9600 7437.0000
30.9800 7324.0000
31.0000 7385.0000
31.0200 7263.0000
31.0400 7340.0000
31.0600 7393.0000
31.0800 7228.0000
31.1000 7245.0000
31.1200 7344.0000
31.1400 7299.0000
31.1600 7386.0000
31.1800 7439.0000
31.2000 7237.0000
31.2200 7313.0000
31.2400 7485.0000
31.2600 7330.0000
31.2800 7158.0000
31.3000 7341.0000
31.3200 7348.0000
31.3400 7269.0000
31.3600 7284.0000
31.3800 7412.0000
31.4000 7358.0000
31.4200 7325.0000
31.4400 7272.0000
31.4600 7307.0000
31.4800 7254.0000
31.5000 7369.0000
31.5200 7383.0000
31.5400 7212.0000
31.5600 7221.0000
31.5800 7241.0000
31.6000 7394.0000
31.6200 7290.0000
31.6400 7203.0000
31.6600 7346.0000
31.6800 7483.0000
31.7000 7281.0000
31.7200 7103.0000
31.7400 7404.0000
31.7600 7108.0000
31.7800 7307.0000
31.8000 7236.0000
31.8200 7313.0000
31.8400 7423.0000
31.8600 7330.0000
31.8800 7225.0000
31.9000 7272.0000
31.9200 7263.0000
31.9400 7333.0000
31.9600 7436.0000
31.9800 7329.0000
32.0000 7297.0000
32.0200 7165.0000
32.0400 7184.0000
32.0600 7228.0000
32.0800 7204.0000
32.1000 7304.0000
32.1200 7278.0000
32.1400 7483.0000
32.1600 7353.0000
32.1800 7461.0000
32.2000 7480.0000
32.2200 7526.0000
32.2400 7438.0000
32.2600 7939.0000
32.2800 7980.0000
32.3000 8125.0000
32.3200 8056.0000
32.3400 7980.0000
32.3600 7855.0000
32.3800 7824.0000
32.4000 7840.0000
32.4200 7809.0000
32.4400 7665.0000
32.4600 7930.0000
32.4800 7839.0000
32.5000 7931.0000
32.5200 7916.0000
32.5400 7716.0000
32.5600 7728.0000
32.5800 7547.0000
32.6000 7673.0000
32.6200 7487.0000
32.6400 7426.0000
32.6600 7517.0000
32.6800 7457.0000
32.7000 7414.0000
32.7200 7485.0000
32.7400 7387.0000
32.7600 7455.0000
32.7800 7381.0000
32.8000 7487.0000
32.8200 7386.0000
32.8400 7505.0000
32.8600 7409.0000
32.8800 7393.0000
32.9000 7384.0000
32.9200 7495.0000
32.9400 7503.0000
32.9600 7575.0000
32.9800 7526.0000
33.0000 7458.0000
33.0200 7395.0000
33.0400 7562.0000
33.0600 7545.0000
33.0800 7557.0000
33.1000 7677.0000
33.1200 7637.0000
33.1400 7676.0000
33.1600 7711.0000
33.1800 7740.0000
33.2000 7856.0000
33.2200 7922.0000
33.2400 7963.0000
33.2600 8032.0000
33.2800 8449.0000
33.3000 8409.0000
33.3200 8489.0000
33.3400 8549.0000
33.3600 8962.0000
33.3800 9192.0000
33.4000 9753.0000
33.4200 9980.0000
33.4400 10634.0000
33.4600 11660.0000
33.4800 12395.0000
33.5000 13666.0000
33.5200 14952.0000
33.5400 16829.0000
33.5600 18495.0000
33.5800 20084.0000
33.6000 21397.0000
33.6200 21838.0000
33.6400 21475.0000
33.6600 20580.0000
33.6800 19364.0000
33.7000 18183.0000
33.7200 16443.0000
33.7400 14779.0000
33.7600 13581.0000
33.7800 12188.0000
33.8000 11055.0000
33.8200 10343.0000
33.8400 9848.0000
33.8600 9325.0000
33.8800 9055.0000
33.9000 8479.0000
33.9200 8529.0000
33.9400 8319.0000
33.9600 8111.0000
33.9800 7932.0000
34.0000 7847.0000
34.0200 7817.0000
34.0400 7635.0000
34.0600 7717.0000
34.0800 7734.0000
34.1000 7694.0000
34.1200 7785.0000
34.1400 7754.0000
34.1600 7728.0000
34.1800 7743.0000
34.2000 7528.0000
34.2200 7611.0000
34.2400 7563.0000
34.2600 7515.0000
34.2800 7577.0000
34.3000 7522.0000
34.3200 7511.0000
34.3400 7472.0000
34.3600 7598.0000
34.3800 7427.0000
34.4000 7350.0000
34.4200 7151.0000
34.4400 7485.0000
34.4600 7521.0000
34.4800 7489.0000
34.5000 7407.0000
34.5200 7486.0000
34.5400 7658.0000
34.5600 7677.0000
34.5800 7555.0000
34.6000 7470.0000
34.6200 7771.0000
34.6400 7431.0000
34.6600 7449.0000
34.6800 7536.0000
34.7000 7531.0000
34.7200 7405.0000
34.7400 7670.0000
34.7600 7669.0000
34.7800 7601.0000
34.8000 7799.0000
34.8200 7773.0000
34.8400 7697.0000
34.8600 7791.0000
34.8800 7739.0000
34.9000 7876.0000
34.9200 8113.0000
34.9400 8202.0000
34.9600 8380.0000
34.9800 8587.0000
35.0000 9022.0000
35.0200 9328.0000
35.0400 10294.0000
35.0600 11410.0000
35.0800 12591.0000
35.1000 14504.0000
35.1200 16876.0000
35.1400 19070.0000
35.1600 20595.0000
35.1800 21937.0000
35.2000 21860.0000
35.2200 21281.0000
35.2400 20780.0000
35.2600 19588.0000
35.2800 17928.0000
35.3000 16230.0000
35.3200 14786.0000
35.3400 13370.0000
35.3600 12131.0000
35.3800 11446.0000
35.4000 10752.0000
35.4200 10462.0000
35.4400 10094.0000
35.4600 10061.0000
35.4800 9775.0000
35.5000 9590.0000
35.5200 9374.0000
35.5400 9321.0000
35.5600 9173.0000
35.5800 8899.0000
35.6000 8869.0000
35.6200 8609.0000
35.6400 8525.0000
35.6600 8323.0000
35.6800 8202.0000
35.7000 8129.0000
35.7200 7870.0000
35.7400 7906.0000
35.7600 7715.0000
35.7800 7827.0000
35.8000 7650.0000
35.8200 7702.0000
35.8400 7830.0000
35.8600 7688.0000
35.8800 7658.0000
35.9000 7719.0000
35.9200 7608.0000
35.9400 7656.0000
35.9600 7540.0000
35.9800 7583.0000
36.0000 7804.0000
36.0200 7717.0000
36.0400 7777.0000
36.0600 7801.0000
36.0800 7744.0000
36.1000 7884.0000
36.1200 7941.0000
36.1400 7932.0000
36.1600 8030.0000
36.1800 8103.0000
36.2000 8245.0000
36.2200 8732.0000
36.2400 8989.0000
36.2600 8913.0000
36.2800 9341.0000
36.3000 9890.0000
36.3200 10292.0000
36.3400 10976.0000
36.3600 11915.0000
36.3800 13030.0000
36.4000 14624.0000
36.4200 16810.0000
36.4400 19793.0000
36.4600 23667.0000
36.4800 27505.0000
36.5000 31920.0000
36.5200 35083.0000
36.5400 37312.0000
36.5600 37313.0000
36.5800 36317.0000
36.6000 34237.0000
36.6200 32307.0000
36.6400 28889.0000
36.6600 25800.0000
36.6800 22648.0000
36.7000 19576.0000
36.7200 17107.0000
36.7400 14951.0000
36.7600 13294.0000
36.7800 11962.0000
36.8000 11027.0000
36.8200 10292.0000
36.8400 9825.0000
36.8600 9299.0000
36.8800 9005.0000
36.9000 8776.0000
36.9200 8540.0000
36.9400 8250.0000
36.9600 8208.0000
36.9800 8136.0000
37.0000 7969.0000
37.0200 7805.0000
37.0400 7801.0000
37.0600 7795.0000
37.0800 7684.0000
37.1000 7537.0000
37.1200 7617.0000
37.1400 7473.0000
37.1600 7586.0000
37.1800 7660.0000
37.2000 7555.0000
37.2200 7498.0000
37.2400 7500.0000
37.2600 7630.0000
37.2800 7546.0000
37.3000 7592.0000
37.3200 7523.0000
37.3400 7594.0000
37.3600 7485.0000
37.3800 7660.0000
37.4000 7561.0000
37.4200 7497.0000
37.4400 7598.0000
37.4600 7616.0000
37.4800 7679.0000
37.5000 7635.0000
37.5200 7294.0000
37.5400 7297.0000
37.5600 7312.0000
37.5800 7414.0000
37.6000 7496.0000
37.6200 7415.0000
37.6400 7242.0000
37.6600 7386.0000
37.6800 7472.0000
37.7000 7247.0000
37.7200 7170.0000
37.7400 7286.0000
37.7600 7191.0000
37.7800 7228.0000
37.8000 7329.0000
37.8200 7327.0000
37.8400 7506.0000
37.8600 7555.0000
37.8800 7700.0000
37.9000 7857.0000
37.9200 7743.0000
37.9400 7502.0000
37.9600 7521.0000
37.9800 7468.0000
38.0000 7564.0000
38.0200 7260.0000
38.0400 7350.0000
38.0600 7213.0000
38.0800 7113.0000
38.1000 7122.0000
38.1200 6941.0000
38.1400 7180.0000
38.1600 7008.0000
38.1800 7028.0000
38.2000 6872.0000
38.2200 7107.0000
38.2400 7102.0000
38.2600 7034.0000
38.2800 6941.0000
38.3000 7050.0000
38.3200 7024.0000
38.3400 7072.0000
38.3600 7000.0000
38.3800 6875.0000
38.4000 6822.0000
38.4200 7116.0000
38.4400 6839.0000
38.4600 6966.0000
38.4800 6863.0000
38.5000 6848.0000
38.5200 6909.0000
38.5400 7063.0000
38.5600 7022.0000
38.5800 6825.0000
38.6000 6779.0000
38.6200 7026.0000
38.6400 6877.0000
38.6600 6942.0000
38.6800 6819.0000
38.7000 6864.0000
38.7200 6984.0000
38.7400 7015.0000
38.7600 6840.0000
38.7800 6823.0000
38.8000 6909.0000
38.8200 6982.0000
38.8400 6915.0000
38.8600 6888.0000
38.8800 6913.0000
38.9000 6860.0000
38.9200 6971.0000
38.9400 7060.0000
38.9600 6792.0000
38.9800 6754.0000
39.0000 6951.0000
39.0200 6936.0000
39.0400 6704.0000
39.0600 6786.0000
39.0800 7007.0000
39.1000 6923.0000
39.1200 6932.0000
39.1400 7009.0000
39.1600 6820.0000
39.1800 6858.0000
39.2000 6845.0000
39.2200 6831.0000
39.2400 6818.0000
39.2600 6884.0000
39.2800 6977.0000
39.3000 6839.0000
39.3200 6854.0000
39.3400 6849.0000
39.3600 6961.0000
39.3800 6871.0000
39.4000 6869.0000
39.4200 6826.0000
39.4400 6870.0000
39.4600 6897.0000
39.4800 6665.0000
39.5000 6822.0000
39.5200 6805.0000
39.5400 6873.0000
39.5600 6906.0000
39.5800 6844.0000
39.6000 6825.0000
39.6200 6845.0000
39.6400 6962.0000
39.6600 6874.0000
39.6800 6894.0000
39.7000 6958.0000
39.7200 6935.0000
39.7400 6841.0000
39.7600 7050.0000
39.7800 6943.0000
39.8000 6955.0000
39.8200 7019.0000
39.8400 6949.0000
39.8600 6861.0000
39.8800 6900.0000
39.9000 6922.0000
39.9200 7056.0000
39.9400 6827.0000
39.9600 7020.0000
39.9800 7197.0000
40.0000 7042.0000
40.0200 7137.0000
40.0400 7125.0000
40.0600 7162.0000
40.0800 7306.0000
40.1000 7167.0000
40.1200 7215.0000
40.1400 7279.0000
40.1600 7455.0000
40.1800 7486.0000
40.2000 7649.0000
40.2200 7646.0000
40.2400 7803.0000
40.2600 7575.0000
40.2800 7531.0000
40.3000 7818.0000
40.3200 7523.0000
40.3400 7751.0000
40.3600 7498.0000
40.3800 7441.0000
40.4000 7539.0000
40.4200 7635.0000
40.4400 7498.0000
40.4600 7548.0000
40.4800 7601.0000
40.5000 7662.0000
40.5200 7653.0000
40.5400 7672.0000
40.5600 7674.0000
40.5800 7669.0000
40.6000 7681.0000
40.6200 7773.0000
40.6400 7915.0000
40.6600 7863.0000
40.6800 7967.0000
40.7000 7708.0000
40.7200 7995.0000
40.7400 8032.0000
40.7600 8092.0000
40.7800 8396.0000
40.8000 8322.0000
40.8200 8291.0000
40.8400 8365.0000
40.8600 8471.0000
40.8800 8605.0000
40.9000 8717.0000
40.9200 8758.0000
40.9400 9070.0000
40.9600 9069.0000
40.9800 9276.0000
41.0000 9578.0000
41.0200 9833.0000
41.0400 9746.0000
41.0600 10046.0000
41.0800 10496.0000
41.1000 10588.0000
41.1200 10677.0000
41.1400 11033.0000
41.1600 11345.0000
41.1800 11844.0000
41.2000 12192.0000
41.2200 12514.0000
41.2400 12880.0000
41.2600 13615.0000
41.2800 14151.0000
41.3000 15247.0000
41.3200 16393.0000
41.3400 17822.0000
41.3600 19502.0000
41.3800 21516.0000
41.4000 24117.0000
41.4200 27428.0000
41.4400 32271.0000
41.4600 37347.0000
41.4800 44796.0000
41.5000 53337.0000
41.5200 63624.0000
41.5400 75429.0000
41.5600 86516.0000
41.5800 96738.0000
41.6000 102463.0000
41.6200 104135.0000
41.6400 102664.0000
41.6600 97892.0000
41.6800 92130.0000
41.7000 84965.0000
41.7200 76997.0000
41.7400 68899.0000
41.7600 58897.0000
41.7800 50278.0000
41.8000 42771.0000
41.8200 35957.0000
41.8400 30657.0000
41.8600 26248.0000
41.8800 22850.0000
41.9000 20192.0000
41.9200 18033.0000
41.9400 16496.0000
41.9600 14775.0000
41.9800 13779.0000
42.0000 13054.0000
42.0200 12325.0000
42.0400 11438.0000
42.0600 10983.0000
42.0800 10608.0000
42.1000 10303.0000
42.1200 10128.0000
42.1400 9686.0000
42.1600 9484.0000
42.1800 9302.0000
42.2000 8981.0000
42.2200 9051.0000
42.2400 8667.0000
42.2600 8450.0000
42.2800 8445.0000
42.3000 8357.0000
42.3200 8173.0000
42.3400 8233.0000
42.3600 8214.0000
42.3800 7893.0000
42.4000 8001.0000
42.4200 7949.0000
42.4400 7862.0000
42.4600 7744.0000
42.4800 7809.0000
42.5000 7641.0000
42.5200 7753.0000
42.5400 7637.0000
42.5600 7755.0000
42.5800 7442.0000
42.6000 7552.0000
42.6200 7612.0000
42.6400 7438.0000
42.6600 7495.0000
42.6800 7381.0000
42.7000 7555.0000
42.7200 7399.0000
42.7400 7380.0000
42.7600 7344.0000
42.7800 7383.0000
42.8000 7239.0000
42.8200 7297.0000
42.8400 7239.0000
42.8600 7396.0000
42.8800 7216.0000
42.9000 7268.0000
42.9200 7154.0000
42.9400 7190.0000
42.9600 7252.0000
42.9800 7223.0000
43.0000 7288.0000
43.0200 7053.0000
43.0400 7154.0000
43.0600 7149.0000
43.0800 7155.0000
43.1000 7048.0000
43.1200 7249.0000
43.1400 7187.0000
43.1600 7175.0000
43.1800 7267.0000
43.2000 7128.0000
43.2200 7317.0000
43.2400 6976.0000
43.2600 7183.0000
43.2800 7228.0000
43.3000 6963.0000
43.3200 6877.0000
43.3400 7105.0000
43.3600 7057.0000
43.3800 6928.0000
43.4000 6991.0000
43.4200 7053.0000
43.4400 6982.0000
43.4600 7112.0000
43.4800 6924.0000
43.5000 6875.0000
43.5200 6953.0000
43.5400 6867.0000
43.5600 6847.0000
43.5800 6824.0000
43.6000 6906.0000
43.6200 6871.0000
43.6400 6975.0000
43.6600 6969.0000
43.6800 6964.0000
43.7000 6897.0000
43.7200 6872.0000
43.7400 6974.0000
43.7600 6927.0000
43.7800 6904.0000
43.8000 6862.0000
43.8200 6926.0000
43.8400 6993.0000
43.8600 6996.0000
43.8800 6930.0000
43.9000 7052.0000
43.9200 6998.0000
43.9400 6768.0000
43.9600 7003.0000
43.9800 6858.0000
44.0000 6824.0000
44.0200 6802.0000
44.0400 6893.0000
44.0600 6915.0000
44.0800 6728.0000
44.1000 6672.0000
44.1200 6818.0000
44.1400 6911.0000
44.1600 6824.0000
44.1800 6773.0000
44.2000 6917.0000
44.2200 6884.0000
44.2400 6848.0000
44.2600 6646.0000
44.2800 6950.0000
44.3000 6832.0000
44.3200 6862.0000
44.3400 6749.0000
44.3600 6669.0000
44.3800 6916.0000
44.4000 6737.0000
44.4200 6675.0000
44.4400 6781.0000
44.4600 6643.0000
44.4800 6636.0000
44.5000 6773.0000
44.5200 6591.0000
44.5400 6745.0000
44.5600 6895.0000
44.5800 6669.0000
44.6000 6776.0000
44.6200 6731.0000
44.6400 6751.0000
44.6600 6722.0000
44.6800 6899.0000
44.7000 6707.0000
44.7200 6752.0000
44.7400 6969.0000
44.7600 6747.0000
44.7800 6740.0000
44.8000 6792.0000
44.8200 6882.0000
44.8400 7128.0000
44.8600 7072.0000
44.8800 6869.0000
44.9000 6999.0000
44.9200 7156.0000
44.9400 7245.0000
44.9600 7380.0000
44.9800 7577.0000
45.0000 7690.0000
45.0200 7947.0000
45.0400 8094.0000
45.0600 8390.0000
45.0800 8601.0000
45.1000 8451.0000
45.1200 8384.0000
45.1400 8406.0000
45.1600 8348.0000
45.1800 8263.0000
45.2000 7996.0000
45.2200 7953.0000
45.2400 7845.0000
45.2600 7810.0000
45.2800 7610.0000
45.3000 7325.0000
45.3200 7359.0000
45.3400 7224.0000
45.3600 7104.0000
45.3800 7041.0000
45.4000 6961.0000
45.4200 6999.0000
45.4400 6853.0000
45.4600 6987.0000
45.4800 6864.0000
45.5000 6858.0000
45.5200 6851.0000
45.5400 6819.0000
45.5600 6876.0000
45.5800 6739.0000
45.6000 6641.0000
45.6200 6653.0000
45.6400 6822.0000
45.6600 6599.0000
45.6800 6589.0000
45.7000 6694.0000
45.7200 6624.0000
45.7400 6496.0000
45.7600 6535.0000
45.7800 6533.0000
45.8000 6727.0000
45.8200 6420.0000
45.8400 6558.0000
45.8600 6638.0000
45.8800 6494.0000
45.9000 6505.0000
45.9200 6593.0000
45.9400 6531.0000
45.9600 6615.0000
45.9800 6514.0000
46.0000 6581.0000
46.0200 6478.0000
46.0400 6502.0000
46.0600 6491.0000
46.0800 6479.0000
46.1000 6441.0000
46.1200 6583.0000
46.1400 6494.0000
46.1600 6602.0000
46.1800 6799.0000
46.2000 6633.0000
46.2200 6619.0000
46.2400 6508.0000
46.2600 6467.0000
46.2800 6558.0000
46.3000 6613.0000
46.3200 6560.0000
46.3400 6458.0000
46.3600 6483.0000
46.3800 6532.0000
46.4000 6466.0000
46.4200 6549.0000
46.4400 6485.0000
46.4600 6470.0000
46.4800 6627.0000
46.5000 6356.0000
46.5200 6428.0000
46.5400 6446.0000
46.5600 6440.0000
46.5800 6451.0000
46.6000 6575.0000
46.6200 6517.0000
46.6400 6425.0000
46.6600 6444.0000
46.6800 6508.0000
46.7000 6412.0000
46.7200 6478.0000
46.7400 6401.0000
46.7600 6500.0000
46.7800 6330.0000
46.8000 6436.0000
46.8200 6497.0000
46.8400 6549.0000
46.8600 6644.0000
46.8800 6383.0000
46.9000 6478.0000
46.9200 6408.0000
46.9400 6350.0000
46.9600 6379.0000
46.9800 6736.0000
47.0000 6593.0000
47.0200 6488.0000
47.0400 6438.0000
47.0600 6397.0000
47.0800 6505.0000
47.1000 6381.0000
47.1200 6430.0000
47.1400 6418.0000
47.1600 6444.0000
47.1800 6421.0000
47.2000 6460.0000
47.2200 6456.0000
47.2400 6665.0000
47.2600 6376.0000
47.2800 6460.0000
47.3000 6526.0000
47.3200 6528.0000
47.3400 6511.0000
47.3600 6492.0000
47.3800 6600.0000
47.4000 6683.0000
47.4200 6462.0000
47.4400 6574.0000
47.4600 6391.0000
47.4800 6503.0000
47.5000 6455.0000
47.5200 6594.0000
47.5400 6536.0000
47.5600 6452.0000
47.5800 6387.0000
47.6000 6443.0000
47.6200 6621.0000
47.6400 6393.0000
47.6600 6395.0000
47.6800 6506.0000
47.7000 6547.0000
47.7200 6419.0000
47.7400 6386.0000
47.7600 6330.0000
47.7800 6326.0000
47.8000 6517.0000
47.8200 6454.0000
47.8400 6444.0000
47.8600 6458.0000
47.8800 6577.0000
47.9000 6540.0000
47.9200 6505.0000
47.9400 6496.0000
47.9600 6454.0000
47.9800 6427.0000
48.0000 6502.0000
48.0200 6473.0000
48.0400 6484.0000
48.0600 6569.0000
48.0800 6693.0000
48.1000 6353.0000
48.1200 6464.0000
48.1400 6464.0000
48.1600 6501.0000
48.1800 6382.0000
48.2000 6333.0000
48.2200 6347.0000
48.2400 6549.0000
48.2600 6557.0000
48.2800 6434.0000
48.3000 6489.0000
48.3200 6563.0000
48.3400 6538.0000
48.3600 6524.0000
48.3800 6483.0000
48.4000 6363.0000
48.4200 6474.0000
48.4400 6406.0000
48.4600 6452.0000
48.4800 6443.0000
48.5000 6468.0000
48.5200 6356.0000
48.5400 6372.0000
48.5600 6352.0000
48.5800 6410.0000
48.6000 6340.0000
48.6200 6366.0000
48.6400 6470.0000
48.6600 6293.0000
48.6800 6319.0000
48.7000 6455.0000
48.7200 6422.0000
48.7400 6407.0000
48.7600 6227.0000
48.7800 6350.0000
48.8000 6412.0000
48.8200 6321.0000
48.8400 6377.0000
48.8600 6458.0000
48.8800 6451.0000
48.9000 6339.0000
48.9200 6466.0000
48.9400 6375.0000
48.9600 6460.0000
48.9800 6281.0000
49.0000 6298.0000
49.0200 6412.0000
49.0400 6354.0000
49.0600 6426.0000
49.0800 6363.0000
49.1000 6365.0000
49.1200 6431.0000
49.1400 6501.0000
49.1600 6333.0000
49.1800 6303.0000
49.2000 6496.0000
49.2200 6415.0000
49.2400 6367.0000
49.2600 6338.0000
49.2800 6301.0000
49.3000 6335.0000
49.3200 6394.0000
49.3400 6253.0000
49.3600 6256.0000
49.3800 6432.0000
49.4000 6498.0000
49.4200 6379.0000
49.4400 6397.0000
49.4600 6408.0000
49.4800 6277.0000
49.5000 6361.0000
49.5200 6338.0000
49.5400 6346.0000
49.5600 6321.0000
49.5800 6361.0000
49.6000 6441.0000
49.6200 6507.0000
49.6400 6362.0000
49.6600 6334.0000
49.6800 6261.0000
49.7000 6399.0000
49.7200 6405.0000
49.7400 6365.0000
49.7600 6371.0000
49.7800 6284.0000
49.8000 6334.0000
49.8200 6396.0000
49.8400 6276.0000
49.8600 6452.0000
49.8800 6324.0000
49.9000 6371.0000
49.9200 6282.0000
49.9400 6274.0000
49.9600 6362.0000
49.9800 6380.0000
50.0000 6423.0000
50.0200 6353.0000
50.0400 6415.0000
50.0600 6425.0000
50.0800 6315.0000
50.1000 6312.0000
50.1200 6208.0000
50.1400 6263.0000
50.1600 6329.0000
50.1800 6361.0000
50.2000 6277.0000
50.2200 6430.0000
50.2400 6385.0000
50.2600 6290.0000
50.2800 6299.0000
50.3000 6315.0000
50.3200 6336.0000
50.3400 6317.0000
50.3600 6259.0000
50.3800 6423.0000
50.4000 6314.0000
50.4200 6387.0000
50.4400 6453.0000
50.4600 6450.0000
50.4800 6425.0000
50.5000 6345.0000
50.5200 6380.0000
50.5400 6425.0000
50.5600 6322.0000
50.5800 6259.0000
50.6000 6408.0000
50.6200 6330.0000
50.6400 6373.0000
50.6600 6311.0000
50.6800 6449.0000
50.7000 6321.0000
50.7200 6273.0000
50.7400 6291.0000
50.7600 6397.0000
50.7800 6409.0000
50.8000 6438.0000
50.8200 6277.0000
50.8400 6464.0000
50.8600 6400.0000
50.8800 6429.0000
50.9000 6484.0000
50.9200 6330.0000
50.9400 6573.0000
50.9600 6359.0000
50.9800 6381.0000
51.0000 6432.0000
51.0200 6492.0000
51.0400 6391.0000
51.0600 6270.0000
51.0800 6444.0000
51.1000 6454.0000
51.1200 6463.0000
51.1400 6441.0000
51.1600 6329.0000
51.1800 6436.0000
51.2000 6295.0000
51.2200 6530.0000
51.2400 6304.0000
51.2600 6452.0000
51.2800 6480.0000
51.3000 6457.0000
51.3200 6482.0000
51.3400 6456.0000
51.3600 6440.0000
51.3800 6520.0000
51.4000 6436.0000
51.4200 6428.0000
51.4400 6549.0000
51.4600 6656.0000
51.4800 6357.0000
51.5000 6325.0000
51.5200 6449.0000
51.5400 6336.0000
51.5600 6388.0000
51.5800 6389.0000
51.6000 6546.0000
51.6200 6388.0000
51.6400 6355.0000
51.6600 6278.0000
51.6800 6383.0000
51.7000 6360.0000
51.7200 6322.0000
51.7400 6449.0000
51.7600 6429.0000
51.7800 6368.0000
51.8000 6405.0000
51.8200 6355.0000
51.8400 6391.0000
51.8600 6416.0000
51.8800 6346.0000
51.9000 6415.0000
51.9200 6466.0000
51.9400 6345.0000
51.9600 6426.0000
51.9800 6384.0000
52.0000 6361.0000
52.0200 6411.0000
52.0400 6356.0000
52.0600 6438.0000
52.0800 6379.0000
52.1000 6517.0000
52.1200 6366.0000
52.1400 6394.0000
52.1600 6347.0000
52.1800 6433.0000
52.2000 6379.0000
52.2200 6406.0000
52.2400 6270.0000
52.2600 6480.0000
52.2800 6347.0000
52.3000 6394.0000
52.3200 6280.0000
52.3400 6357.0000
52.3600 6457.0000
52.3800 6438.0000
52.4000 6409.0000
52.4200 6465.0000
52.4400 6355.0000
52.4600 6301.0000
52.4800 6447.0000
52.5000 6566.0000
52.5200 6489.0000
52.5400 6408.0000
52.5600 6399.0000
52.5800 6446.0000
52.6000 6480.0000
52.6200 6462.0000
52.6400 6381.0000
52.6600 6472.0000
52.6800 6605.0000
52.7000 6415.0000
52.7200 6440.0000
52.7400 6623.0000
52.7600 6361.0000
52.7800 6423.0000
52.8000 6546.0000
52.8200 6619.0000
52.8400 6480.0000
52.8600 6430.0000
52.8800 6664.0000
52.9000 6633.0000
52.9200 6626.0000
52.9400 6635.0000
52.9600 6744.0000
52.9800 6697.0000
53.0000 6788.0000
53.0200 6708.0000
53.0400 6772.0000
53.0600 6858.0000
53.0800 6830.0000
53.1000 6826.0000
53.1200 6942.0000
53.1400 7143.0000
53.1600 7022.0000
53.1800 7343.0000
53.2000 7402.0000
53.2200 7418.0000
53.2400 7552.0000
53.2600 7724.0000
53.2800 7994.0000
53.3000 8120.0000
53.3200 8455.0000
53.3400 8897.0000
53.3600 9195.0000
53.3800 9637.0000
53.4000 10219.0000
53.4200 11022.0000
53.4400 11581.0000
53.4600 12343.0000
53.4800 12868.0000
53.5000 13287.0000
53.5200 13540.0000
53.5400 13611.0000
53.5600 13371.0000
53.5800 13203.0000
53.6000 12956.0000
53.6200 12498.0000
53.6400 12268.0000
53.6600 11696.0000
53.6800 11160.0000
53.7000 10723.0000
53.7200 10282.0000
53.7400 9760.0000
53.7600 9406.0000
53.7800 8846.0000
53.8000 8478.0000
53.8200 8089.0000
53.8400 7750.0000
53.8600 7754.0000
53.8800 7405.0000
53.9000 7330.0000
53.9200 7236.0000
53.9400 6922.0000
53.9600 6950.0000
53.9800 6891.0000
54.0000 6936.0000
54.0200 6682.0000
54.0400 6732.0000
54.0600 6751.0000
54.0800 6593.0000
54.1000 6563.0000
54.1200 6577.0000
54.1400 6404.0000
54.1600 6561.0000
54.1800 6504.0000
54.2000 6416.0000
54.2200 6500.0000
54.2400 6615.0000
54.2600 6573.0000
54.2800 6362.0000
54.3000 6531.0000
54.3200 6479.0000
54.3400 6400.0000
54.3600 6338.0000
54.3800 6443.0000
54.4000 6461.0000
54.4200 6366.0000
54.4400 6327.0000
54.4600 6353.0000
54.4800 6335.0000
54.5000 6478.0000
54.5200 6380.0000
54.5400 6400.0000
54.5600 6419.0000
54.5800 6434.0000
54.6000 6284.0000
54.6200 6218.0000
54.6400 6482.0000
54.6600 6381.0000
54.6800 6366.0000
54.7000 6375.0000
54.7200 6388.0000
54.7400 6311.0000
54.7600 6270.0000
54.7800 6301.0000
54.8000 6373.0000
54.8200 6518.0000
54.8400 6307.0000
54.8600 6457.0000
54.8800 6357.0000
54.9000 6319.0000
54.9200 6291.0000
54.9400 6349.0000
54.9600 6352.0000
54.9800 6273.0000
55.0000 6332.0000
55.0200 6328.0000
55.0400 6250.0000
55.0600 6291.0000
55.0800 6320.0000
55.1000 6276.0000
55.1200 6466.0000
55.1400 6421.0000
55.1600 6322.0000
55.1800 6318.0000
55.2000 6398.0000
55.2200 6419.0000
55.2400 6384.0000
55.2600 6402.0000
55.2800 6441.0000
55.3000 6366.0000
55.3200 6420.0000
55.3400 6434.0000
55.3600 6343.0000
55.3800 6381.0000
55.4000 6378.0000
55.4200 6353.0000
55.4400 6244.0000
55.4600 6252.0000
55.4800 6319.0000
55.5000 6298.0000
55.5200 6378.0000
55.5400 6445.0000
55.5600 6361.0000
55.5800 6420.0000
55.6000 6360.0000
55.6200 6494.0000
55.6400 6397.0000
55.6600 6470.0000
55.6800 6397.0000
55.7000 6502.0000
55.7200 6355.0000
55.7400 6364.0000
55.7600 6438.0000
55.7800 6488.0000
55.8000 6382.0000
55.8200 6408.0000
55.8400 6380.0000
55.8600 6398.0000
55.8800 6405.0000
55.9000 6406.0000
55.9200 6327.0000
55.9400 6386.0000
55.9600 6412.0000
55.9800 6397.0000
56.0000 6349.0000
56.0200 6301.0000
56.0400 6327.0000
56.0600 6414.0000
56.0800 6379.0000
56.1000 6387.0000
56.1200 6427.0000
56.1400 6264.0000
56.1600 6477.0000
56.1800 6259.0000
56.2000 6434.0000
56.2200 6519.0000
56.2400 6484.0000
56.2600 6439.0000
56.2800 6521.0000
56.3000 6517.0000
56.3200 6448.0000
56.3400 6465.0000
56.3600 6575.0000
56.3800 6439.0000
56.4000 6503.0000
56.4200 6499.0000
56.4400 6331.0000
56.4600 6499.0000
56.4800 6561.0000
56.5000 6466.0000
56.5200 6534.0000
56.5400 6546.0000
56.5600 6456.0000
56.5800 6600.0000
56.6000 6525.0000
56.6200 6406.0000
56.6400 6496.0000
56.6600 6604.0000
56.6800 6657.0000
56.7000 6519.0000
56.7200 6658.0000
56.7400 6386.0000
56.7600 6613.0000
56.7800 6639.0000
56.8000 6516.0000
56.8200 6606.0000
56.8400 6432.0000
56.8600 6582.0000
56.8800 6671.0000
56.9000 6674.0000
56.9200 6651.0000
56.9400 6597.0000
56.9600 6611.0000
56.9800 6621.0000
57.0000 6572.0000
57.0200 6611.0000
57.0400 6721.0000
57.0600 6593.0000
57.0800 6577.0000
57.1000 6684.0000
57.1200 6543.0000
57.1400 6581.0000
57.1600 6607.0000
57.1800 6614.0000
57.2000 6649.0000
57.2200 6618.0000
57.2400 6635.0000
57.2600 6656.0000
57.2800 6647.0000
57.3000 6649.0000
57.3200 6688.0000
57.3400 6610.0000
57.3600 6696.0000
57.3800 6732.0000
57.4000 6645.0000
57.4200 6612.0000
57.4400 6688.0000
57.4600 6756.0000
57.4800 6644.0000
57.5000 6729.0000
57.5200 6626.0000
57.5400 6704.0000
57.5600 6871.0000
57.5800 6839.0000
57.6000 6820.0000
57.6200 6852.0000
57.6400 6907.0000
57.6600 7044.0000
57.6800 7047.0000
57.7000 7027.0000
57.7200 7172.0000
57.7400 7039.0000
57.7600 7373.0000
57.7800 7189.0000
57.8000 7204.0000
57.8200 7345.0000
57.8400 7541.0000
57.8600 7397.0000
57.8800 7647.0000
57.9000 7781.0000
57.9200 7937.0000
57.9400 8087.0000
57.9600 7959.0000
57.9800 8545.0000
58.0000 8660.0000
58.0200 9039.0000
58.0400 9301.0000
58.0600 9862.0000
58.0800 10185.0000
58.1000 10765.0000
58.1200 11547.0000
58.1400 12314.0000
58.1600 13098.0000
58.1800 14207.0000
58.2000 15134.0000
58.2200 16740.0000
58.2400 18047.0000
58.2600 19413.0000
58.2800 20469.0000
58.3000 21700.0000
58.3200 22388.0000
58.3400 22884.0000
58.3600 22517.0000
58.3800 22250.0000
58.4000 21837.0000
58.4200 21216.0000
58.4400 20417.0000
58.4600 19888.0000
58.4800 19013.0000
58.5000 18196.0000
58.5200 17118.0000
58.5400 15838.0000
58.5600 14814.0000
58.5800 13727.0000
58.6000 12920.0000
58.6200 12038.0000
58.6400 11524.0000
58.6600 10638.0000
58.6800 10038.0000
58.7000 9641.0000
58.7200 9351.0000
58.7400 8897.0000
58.7600 8723.0000
58.7800 8262.0000
58.8000 8057.0000
58.8200 7945.0000
58.8400 7746.0000
58.8600 7638.0000
58.8800 7378.0000
58.9000 7431.0000
58.9200 7454.0000
58.9400 7282.0000
58.9600 7130.0000
58.9800 6950.0000
59.0000 7045.0000
59.0200 7023.0000
59.0400 6901.0000
59.0600 6871.0000
59.0800 6827.0000
59.1000 6803.0000
59.1200 6707.0000
59.1400 6691.0000
59.1600 6590.0000
59.1800 6724.0000
59.2000 6625.0000
59.2200 6663.0000
59.2400 6621.0000
59.2600 6529.0000
59.2800 6598.0000
59.3000 6398.0000
59.3200 6647.0000
59.3400 6386.0000
59.3600 6491.0000
59.3800 6565.0000
59.4000 6381.0000
59.4200 6396.0000
59.4400 6412.0000
59.4600 6301.0000
59.4800 6455.0000
59.5000 6396.0000
59.5200 6446.0000
59.5400 6425.0000
59.5600 6462.0000
59.5800 6421.0000
59.6000 6331.0000
59.6200 6520.0000
59.6400 6435.0000
59.6600 6564.0000
59.6800 6402.0000
59.7000 6450.0000
59.7200 6507.0000
59.7400 6465.0000
59.7600 6464.0000
59.7800 6331.0000
59.8000 6379.0000
59.8200 6468.0000
59.8400 6511.0000
59.8600 6586.0000
59.8800 6506.0000
59.9000 6436.0000
59.9200 6510.0000
59.9400 6409.0000
59.9600 6357.0000
59.9800 6340.0000
60.0000 6434.0000
60.0200 6425.0000
60.0400 6374.0000
60.0600 6533.0000
60.0800 6402.0000
60.1000 6460.0000
60.1200 6356.0000
60.1400 6298.0000
60.1600 6485.0000
60.1800 6380.0000
60.2000 6519.0000
60.2200 6392.0000
60.2400 6460.0000
60.2600 6288.0000
60.2800 6426.0000
60.3000 6287.0000
60.3200 6479.0000
60.3400 6351.0000
60.3600 6344.0000
60.3800 6374.0000
60.4000 6360.0000
60.4200 6256.0000
60.4400 6455.0000
60.4600 6277.0000
60.4800 6503.0000
60.5000 6324.0000
60.5200 6245.0000
60.5400 6386.0000
60.5600 6494.0000
60.5800 6437.0000
60.6000 6410.0000
60.6200 6502.0000
60.6400 6449.0000
60.6600 6312.0000
60.6800 6294.0000
60.7000 6411.0000
60.7200 6424.0000
60.7400 6414.0000
60.7600 6395.0000
60.7800 6244.0000
60.8000 6490.0000
60.8200 6377.0000
60.8400 6244.0000
60.8600 6370.0000
60.8800 6381.0000
60.9000 6413.0000
60.9200 6295.0000
60.9400 6377.0000
60.9600 6332.0000
60.9800 6278.0000
61.0000 6258.0000
61.0200 6325.0000
61.0400 6355.0000
61.0600 6494.0000
61.0800 6436.0000
61.1000 6378.0000
61.1200 6343.0000
61.1400 6249.0000
61.1600 6329.0000
61.1800 6536.0000
61.2000 6493.0000
61.2200 6357.0000
61.2400 6394.0000
61.2600 6323.0000
61.2800 6538.0000
61.3000 6494.0000
61.3200 6494.0000
61.3400 6281.0000
61.3600 6406.0000
61.3800 6455.0000
61.4000 6410.0000
61.4200 6499.0000
61.4400 6505.0000
61.4600 6510.0000
61.4800 6666.0000
61.5000 6466.0000
61.5200 6444.0000
61.5400 6348.0000
61.5600 6503.0000
61.5800 6722.0000
61.6000 6740.0000
61.6200 6602.0000
61.6400 6666.0000
61.6600 6788.0000
61.6800 6769.0000
61.7000 6805.0000
61.7200 6992.0000
61.7400 6936.0000
61.7600 6998.0000
61.7800 7112.0000
61.8000 7407.0000
61.8200 7395.0000
61.8400 7591.0000
61.8600 7739.0000
61.8800 7870.0000
61.9000 8233.0000
61.9200 8457.0000
61.9400 8913.0000
61.9600 9444.0000
61.9800 9940.0000
62.0000 10563.0000
62.0200 11445.0000
62.0400 12408.0000
62.0600 13541.0000
62.0800 15197.0000
62.1000 16677.0000
62.1200 18566.0000
62.1400 20406.0000
62.1600 21800.0000
62.1800 23187.0000
62.2000 24070.0000
62.2200 24235.0000
62.2400 23920.0000
62.2600 23472.0000
62.2800 23158.0000
62.3000 22443.0000
62.3200 21882.0000
62.3400 21194.0000
62.3600 20603.0000
62.3800 19663.0000
62.4000 18828.0000
62.4200 17662.0000
62.4400 16439.0000
62.4600 15262.0000
62.4800 14156.0000
62.5000 13248.0000
62.5200 12370.0000
62.5400 11620.0000
62.5600 10772.0000
62.5800 10450.0000
62.6000 9728.0000
62.6200 9297.0000
62.6400 8978.0000
62.6600 8694.0000
62.6800 8430.0000
62.7000 8185.0000
62.7200 7924.0000
62.7400 7771.0000
62.7600 7625.0000
62.7800 7517.0000
62.8000 7327.0000
62.8200 6981.0000
62.8400 7195.0000
62.8600 7053.0000
62.8800 7143.0000
62.9000 6850.0000
62.9200 6889.0000
62.9400 6905.0000
62.9600 6719.0000
62.9800 6765.0000
63.0000 6751.0000
63.0200 6536.0000
63.0400 6647.0000
63.0600 6676.0000
63.0800 6547.0000
63.1000 6562.0000
63.1200 6617.0000
63.1400 6495.0000
63.1600 6474.0000
63.1800 6495.0000
63.2000 6523.0000
63.2200 6485.0000
63.2400 6473.0000
63.2600 6144.0000
63.2800 6353.0000
63.3000 6437.0000
63.3200 6513.0000
63.3400 6398.0000
63.3600 6274.0000
63.3800 6337.0000
63.4000 6215.0000
63.4200 6387.0000
63.4400 6228.0000
63.4600 6348.0000
63.4800 6206.0000
63.5000 6340.0000
63.5200 6299.0000
63.5400 6270.0000
63.5600 6353.0000
63.5800 6354.0000
63.6000 6302.0000
63.6200 6334.0000
63.6400 6393.0000
63.6600 6343.0000
63.6800 6204.0000
63.7000 6262.0000
63.7200 6230.0000
63.7400 6306.0000
63.7600 6399.0000
63.7800 6437.0000
63.8000 6396.0000
63.8200 6360.0000
63.8400 6227.0000
63.8600 6302.0000
63.8800 6360.0000
63.9000 6280.0000
63.9200 6398.0000
63.9400 6253.0000
63.9600 6449.0000
63.9800 6410.0000
64.0000 6280.0000
64.0200 6356.0000
64.0400 6426.0000
64.0600 6250.0000
64.0800 6190.0000
64.1000 6442.0000
64.1200 6310.0000
64.1400 6377.0000
64.1600 6372.0000
64.1800 6430.0000
64.2000 6385.0000
64.2200 6468.0000
64.2400 6530.0000
64.2600 6506.0000
64.2800 6305.0000
64.3000 6386.0000
64.3200 6459.0000
64.3400 6497.0000
64.3600 6653.0000
64.3800 6579.0000
64.4000 6513.0000
64.4200 6580.0000
64.4400 6537.0000
64.4600 6547.0000
64.4800 6667.0000
64.5000 6686.0000
64.5200 6814.0000
64.5400 6892.0000
64.5600 6884.0000
64.5800 7056.0000
64.6000 6980.0000
64.6200 7233.0000
64.6400 7433.0000
64.6600 7593.0000
64.6800 7657.0000
64.7000 7856.0000
64.7200 8202.0000
64.7400 8470.0000
64.7600 8758.0000
64.7800 9299.0000
64.8000 9713.0000
64.8200 10019.0000
64.8400 10296.0000
64.8600 10620.0000
64.8800 10654.0000
64.9000 10676.0000
64.9200 10649.0000
64.9400 10517.0000
64.9600 10445.0000
64.9800 10070.0000
65.0000 10030.0000
65.0200 10076.0000
65.0400 9624.0000
65.0600 9622.0000
65.0800 9431.0000
65.1000 9015.0000
65.1200 8915.0000
65.1400 8403.0000
65.1600 8143.0000
65.1800 7998.0000
65.2000 7717.0000
65.2200 7705.0000
65.2400 7489.0000
65.2600 7159.0000
65.2800 6948.0000
65.3000 6932.0000
65.3200 6991.0000
65.3400 6805.0000
65.3600 6767.0000
65.3800 6599.0000
65.4000 6608.0000
65.4200 6625.0000
65.4400 6403.0000
65.4600 6468.0000
65.4800 6446.0000
65.5000 6269.0000
65.5200 6312.0000
65.5400 6311.0000
65.5600 6391.0000
65.5800 6366.0000
65.6000 6322.0000
65.6200 6229.0000
65.6400 6165.0000
65.6600 6349.0000
65.6800 6436.0000
65.7000 6373.0000
65.7200 6254.0000
65.7400 6258.0000
65.7600 6202.0000
65.7800 6165.0000
65.8000 6219.0000
65.8200 6333.0000
65.8400 6316.0000
65.8600 6117.0000
65.8800 6100.0000
65.9000 6096.0000
65.9200 6175.0000
65.9400 6180.0000
65.9600 6266.0000
65.9800 6272.0000
66.0000 6184.0000
66.0200 6160.0000
66.0400 6252.0000
66.0600 6218.0000
66.0800 6073.0000
66.1000 6205.0000
66.1200 6248.0000
66.1400 6242.0000
66.1600 6184.0000
66.1800 6214.0000
66.2000 6218.0000
66.2200 6174.0000
66.2400 6114.0000
66.2600 6252.0000
66.2800 6104.0000
66.3000 6231.0000
66.3200 6314.0000
66.3400 6190.0000
66.3600 6193.0000
66.3800 6235.0000
66.4000 6217.0000
66.4200 6306.0000
66.4400 6125.0000
66.4600 6126.0000
66.4800 6178.0000
66.5000 6166.0000
66.5200 6091.0000
66.5400 6265.0000
66.5600 6329.0000
66.5800 6184.0000
66.6000 6189.0000
66.6200 6135.0000
66.6400 6211.0000
66.6600 6220.0000
66.6800 6112.0000
66.7000 6261.0000
66.7200 6225.0000
66.7400 6194.0000
66.7600 5973.0000
66.7800 6290.0000
66.8000 6135.0000
66.8200 6151.0000
66.8400 6135.0000
66.8600 6183.0000
66.8800 6165.0000
66.9000 6191.0000
66.9200 6010.0000
66.9400 6113.0000
66.9600 6244.0000
66.9800 6171.0000
67.0000 6266.0000
67.0200 6229.0000
67.0400 6120.0000
67.0600 6177.0000
67.0800 6162.0000
67.1000 6091.0000
67.1200 5945.0000
67.1400 6135.0000
67.1600 5970.0000
67.1800 6082.0000
67.2000 6110.0000
67.2200 6045.0000
67.2400 6226.0000
67.2600 6127.0000
67.2800 6154.0000
67.3000 6216.0000
67.3200 6158.0000
67.3400 6239.0000
67.3600 6126.0000
67.3800 6157.0000
67.4000 6155.0000
67.4200 6090.0000
67.4400 6216.0000
67.4600 6028.0000
67.4800 6166.0000
67.5000 6170.0000
67.5200 6101.0000
67.5400 6255.0000
67.5600 6032.0000
67.5800 6110.0000
67.6000 6160.0000
67.6200 6134.0000
67.6400 6094.0000
67.6600 6191.0000
67.6800 6185.0000
67.7000 6170.0000
67.7200 6035.0000
67.7400 6128.0000
67.7600 6100.0000
67.7800 6082.0000
67.8000 5997.0000
67.8200 6165.0000
67.8400 6156.0000
67.8600 6159.0000
67.8800 6146.0000
67.9000 6133.0000
67.9200 6056.0000
67.9400 6029.0000
67.9600 6224.0000
67.9800 6138.0000
68.0000 6181.0000
68.0200 6095.0000
68.0400 6130.0000
68.0600 6084.0000
68.0800 6103.0000
68.1000 6194.0000
68.1200 6076.0000
68.1400 6263.0000
68.1600 6228.0000
68.1800 6260.0000
68.2000 6086.0000
68.2200 6119.0000
68.2400 6141.0000
68.2600 6314.0000
68.2800 6219.0000
68.3000 6274.0000
68.3200 6263.0000
68.3400 6328.0000
68.3600 6132.0000
68.3800 6187.0000
68.4000 6361.0000
68.4200 6223.0000
68.4400 6354.0000
68.4600 6351.0000
68.4800 6309.0000
68.5000 6295.0000
68.5200 6404.0000
68.5400 6470.0000
68.5600 6472.0000
68.5800 6532.0000
68.6000 6571.0000
68.6200 6776.0000
68.6400 6464.0000
68.6600 6667.0000
68.6800 6835.0000
68.7000 6636.0000
68.7200 6932.0000
68.7400 6854.0000
68.7600 6987.0000
68.7800 7149.0000
68.8000 7363.0000
68.8200 7626.0000
68.8400 7749.0000
68.8600 7858.0000
68.8800 8119.0000
68.9000 8303.0000
68.9200 8583.0000
68.9400 8916.0000
68.9600 9085.0000
68.9800 9248.0000
69.0000 9500.0000
69.0200 9597.0000
69.0400 9669.0000
69.0600 9867.0000
69.0800 9772.0000
69.1000 9661.0000
69.1200 9463.0000
69.1400 9238.0000
69.1600 9233.0000
69.1800 9015.0000
69.2000 8871.0000
69.2200 8838.0000
69.2400 8660.0000
69.2600 8303.0000
69.2800 8268.0000
69.3000 8123.0000
69.3200 7818.0000
69.3400 7801.0000
69.3600 7563.0000
69.3800 7333.0000
69.4000 7199.0000
69.4200 7042.0000
69.4400 7061.0000
69.4600 6928.0000
69.4800 6929.0000
69.5000 6793.0000
69.5200 6658.0000
69.5400 6683.0000
69.5600 6515.0000
69.5800 6540.0000
69.6000 6545.0000
69.6200 6559.0000
69.6400 6349.0000
69.6600 6427.0000
69.6800 6486.0000
69.7000 6374.0000
69.7200 6368.0000
69.7400 6321.0000
69.7600 6281.0000
69.7800 6375.0000
69.8000 6176.0000
69.8200 6361.0000
69.8400 6365.0000
69.8600 6278.0000
69.8800 6304.0000
69.9000 6299.0000
69.9200 6107.0000
69.9400 6244.0000
69.9600 6255.0000
69.9800 6322.0000
70.0000 6244.0000
70.0200 6400.0000
70.0400 6230.0000
70.0600 6182.0000
70.0800 6299.0000
70.1000 6284.0000
70.1200 6410.0000
70.1400 6226.0000
70.1600 6396.0000
70.1800 6299.0000
70.2000 6466.0000
70.2200 6364.0000
70.2400 6329.0000
70.2600 6587.0000
70.2800 6479.0000
70.3000 6590.0000
70.3200 6617.0000
70.3400 6577.0000
70.3600 6665.0000
70.3800 6692.0000
70.4000 6799.0000
70.4200 6882.0000
70.4400 6850.0000
70.4600 6964.0000
70.4800 7172.0000
70.5000 7347.0000
70.5200 7382.0000
70.5400 7386.0000
70.5600 7534.0000
70.5800 7704.0000
70.6000 7857.0000
70.6200 7896.0000
70.6400 7882.0000
70.6600 7899.0000
70.6800 8085.0000
70.7000 7661.0000
70.7200 7639.0000
70.7400 7704.0000
70.7600 7550.0000
70.7800 7466.0000
70.8000 7630.0000
70.8200 7436.0000
70.8400 7497.0000
70.8600 7373.0000
70.8800 7259.0000
70.9000 6944.0000
70.9200 6968.0000
70.9400 6792.0000
70.9600 6651.0000
70.9800 6611.0000
71.0000 6656.0000
71.0200 6610.0000
71.0400 6271.0000
71.0600 6472.0000
71.0800 6361.0000
71.1000 6457.0000
71.1200 6216.0000
71.1400 6384.0000
71.1600 6310.0000
71.1800 6311.0000
71.2000 6345.0000
71.2200 6302.0000
71.2400 6360.0000
71.2600 6296.0000
71.2800 6258.0000
71.3000 6293.0000
71.3200 6326.0000
71.3400 6127.0000
71.3600 6044.0000
71.3800 6221.0000
71.4000 6268.0000
71.4200 6188.0000
71.4400 6221.0000
71.4600 6221.0000
71.4800 6189.0000
71.5000 6128.0000
71.5200 6370.0000
71.5400 6221.0000
71.5600 6230.0000
71.5800 6224.0000
71.6000 6185.0000
71.6200 6220.0000
71.6400 6234.0000
71.6600 6250.0000
71.6800 6208.0000
71.7000 6207.0000
71.7200 6240.0000
71.7400 6217.0000
71.7600 6011.0000
71.7800 6227.0000
71.8000 6145.0000
71.8200 6242.0000
71.8400 6214.0000
71.8600 6271.0000
71.8800 6219.0000
71.9000 6189.0000
71.9200 6373.0000
71.9400 6367.0000
71.9600 6402.0000
71.9800 6262.0000
72.0000 6240.0000
72.0200 6404.0000
72.0400 6273.0000
72.0600 6414.0000
72.0800 6312.0000
72.1000 6435.0000
72.1200 6446.0000
72.1400 6615.0000
72.1600 6593.0000
72.1800 6743.0000
72.2000 6739.0000
72.2200 6700.0000
72.2400 6837.0000
72.2600 6974.0000
72.2800 7010.0000
72.3000 7094.0000
72.3200 7310.0000
72.3400 7399.0000
72.3600 7544.0000
72.3800 7846.0000
72.4000 7996.0000
72.4200 8298.0000
72.4400 8530.0000
72.4600 8906.0000
72.4800 9222.0000
72.5000 9609.0000
72.5200 9944.0000
72.5400 10409.0000
72.5600 10395.0000
72.5800 10822.0000
72.6000 10767.0000
72.6200 10961.0000
72.6400 10815.0000
72.6600 10847.0000
72.6800 10747.0000
72.7000 10607.0000
72.7200 10239.0000
72.7400 10172.0000
72.7600 10197.0000
72.7800 9911.0000
72.8000 9585.0000
72.8200 9490.0000
72.8400 9147.0000
72.8600 8882.0000
72.8800 8946.0000
72.9000 8583.0000
72.9200 8130.0000
72.9400 7993.0000
72.9600 7869.0000
72.9800 7546.0000
73.0000 7443.0000
73.0200 7315.0000
73.0400 7156.0000
73.0600 7152.0000
73.0800 6993.0000
73.1000 6750.0000
73.1200 6707.0000
73.1400 6750.0000
73.1600 6784.0000
73.1800 6747.0000
73.2000 6698.0000
73.2200 6590.0000
73.2400 6549.0000
73.2600 6649.0000
73.2800 6656.0000
73.3000 6777.0000
73.3200 6615.0000
73.3400 6634.0000
73.3600 6745.0000
73.3800 6780.0000
73.4000 6817.0000
73.4200 6765.0000
73.4400 7054.0000
73.4600 7041.0000
73.4800 6966.0000
73.5000 6946.0000
73.5200 6914.0000
73.5400 6923.0000
73.5600 6919.0000
73.5800 6906.0000
73.6000 7019.0000
73.6200 6983.0000
73.6400 6747.0000
73.6600 7012.0000
73.6800 6881.0000
73.7000 6830.0000
73.7200 6736.0000
73.7400 6641.0000
73.7600 6825.0000
73.7800 6821.0000
73.8000 6669.0000
73.8200 6629.0000
73.8400 6676.0000
73.8600 6536.0000
73.8800 6517.0000
73.9000 6510.0000
73.9200 6641.0000
73.9400 6503.0000
73.9600 6676.0000
73.9800 6592.0000
74.0000 6830.0000
74.0200 6569.0000
74.0400 6630.0000
74.0600 6624.0000
74.0800 6799.0000
74.1000 6688.0000
74.1200 6933.0000
74.1400 7058.0000
74.1600 6959.0000
74.1800 7155.0000
74.2000 7264.0000
74.2200 7472.0000
74.2400 7635.0000
74.2600 7727.0000
74.2800 7890.0000
74.3000 8148.0000
74.3200 8315.0000
74.3400 8240.0000
74.3600 8232.0000
74.3800 8234.0000
74.4000 8232.0000
74.4200 8224.0000
74.4400 8081.0000
74.4600 8104.0000
74.4800 8051.0000
74.5000 7923.0000
74.5200 8043.0000
74.5400 7909.0000
74.5600 7996.0000
74.5800 7929.0000
74.6000 7769.0000
74.6200 7788.0000
74.6400 7883.0000
74.6600 7643.0000
74.6800 7698.0000
74.7000 7749.0000
74.7200 7640.0000
74.7400 7810.0000
74.7600 7818.0000
74.7800 7772.0000
74.8000 7712.0000
74.8200 7920.0000
74.8400 8070.0000
74.8600 8021.0000
74.8800 8099.0000
74.9000 7997.0000
74.9200 8135.0000
74.9400 7935.0000
74.9600 8009.0000
74.9800 7920.0000
75.0000 7914.0000
75.0200 7982.0000
75.0400 7867.0000
75.0600 7758.0000
75.0800 7727.0000
75.1000 7610.0000
75.1200 7422.0000
75.1400 7395.0000
75.1600 7262.0000
75.1800 7236.0000
75.2000 7190.0000
75.2200 7031.0000
75.2400 6942.0000
75.2600 6862.0000
75.2800 6882.0000
75.3000 6732.0000
75.3200 6645.0000
75.3400 6598.0000
75.3600 6630.0000
75.3800 6397.0000
75.4000 6567.0000
75.4200 6459.0000
75.4400 6421.0000
75.4600 6336.0000
75.4800 6271.0000
75.5000 6291.0000
75.5200 6303.0000
75.5400 6278.0000
75.5600 6220.0000
75.5800 6314.0000
75.6000 6169.0000
75.6200 6086.0000
75.6400 6162.0000
75.6600 6147.0000
75.6800 6210.0000
75.7000 6037.0000
75.7200 6073.0000
75.7400 6089.0000
75.7600 6213.0000
75.7800 6200.0000
75.8000 6095.0000
75.8200 6258.0000
75.8400 6244.0000
75.8600 6232.0000
75.8800 6088.0000
75.9000 6038.0000
75.9200 6138.0000
75.9400 6047.0000
75.9600 6192.0000
75.9800 5981.0000
76.0000 6071.0000
76.0200 6068.0000
76.0400 6073.0000
76.0600 5973.0000
76.0800 6175.0000
76.1000 6048.0000
76.1200 6160.0000
76.1400 6109.0000
76.1600 6044.0000
76.1800 6176.0000
76.2000 6086.0000
76.2200 5979.0000
76.2400 6087.0000
76.2600 6058.0000
76.2800 5895.0000
76.3000 6193.0000
76.3200 6043.0000
76.3400 6101.0000
76.3600 6198.0000
76.3800 6043.0000
76.4000 6033.0000
76.4200 6190.0000
76.4400 6150.0000
76.4600 6106.0000
76.4800 6174.0000
76.5000 6133.0000
76.5200 6158.0000
76.5400 6092.0000
76.5600 6135.0000
76.5800 6071.0000
76.6000 6119.0000
76.6200 6008.0000
76.6400 6074.0000
76.6600 6092.0000
76.6800 6178.0000
76.7000 6258.0000
76.7200 6201.0000
76.7400 6090.0000
76.7600 6002.0000
76.7800 6167.0000
76.8000 6109.0000
76.8200 6204.0000
76.8400 6125.0000
76.8600 6063.0000
76.8800 6389.0000
76.9000 6295.0000
76.9200 6243.0000
76.9400 6133.0000
76.9600 6191.0000
76.9800 6218.0000
77.0000 6134.0000
77.0200 6288.0000
77.0400 6453.0000
77.0600 6277.0000
77.0800 6573.0000
77.1000 6282.0000
77.1200 6283.0000
77.1400 6493.0000
77.1600 6530.0000
77.1800 6613.0000
77.2000 6770.0000
77.2200 6735.0000
77.2400 6742.0000
77.2600 6826.0000
77.2800 6773.0000
77.3000 7149.0000
77.3200 7132.0000
77.3400 7293.0000
77.3600 7506.0000
77.3800 7650.0000
77.4000 8015.0000
77.4200 8157.0000
77.4400 8448.0000
77.4600 8620.0000
77.4800 9093.0000
77.5000 9231.0000
77.5200 9891.0000
77.5400 10098.0000
77.5600 10431.0000
77.5800 11020.0000
77.6000 10924.0000
77.6200 11209.0000
77.6400 11509.0000
77.6600 11524.0000
77.6800 11416.0000
77.7000 11378.0000
77.7200 11061.0000
77.7400 10931.0000
77.7600 10936.0000
77.7800 10743.0000
77.8000 10617.0000
77.8200 10219.0000
77.8400 10102.0000
77.8600 9800.0000
77.8800 9789.0000
77.9000 9590.0000
77.9200 9336.0000
77.9400 9000.0000
77.9600 8677.0000
77.9800 8582.0000
78.0000 8265.0000
78.0200 8020.0000
78.0400 7754.0000
78.0600 7524.0000
78.0800 7447.0000
78.1000 7230.0000
78.1200 7208.0000
78.1400 7153.0000
78.1600 6901.0000
78.1800 6900.0000
78.2000 6800.0000
78.2200 6688.0000
78.2400 6539.0000
78.2600 6624.0000
78.2800 6533.0000
78.3000 6277.0000
78.3200 6469.0000
78.3400 6406.0000
78.3600 6370.0000
78.3800 6229.0000
78.4000 6386.0000
78.4200 6151.0000
78.4400 6379.0000
78.4600 6386.0000
78.4800 6200.0000
78.5000 6162.0000
78.5200 6214.0000
78.5400 6130.0000
78.5600 6151.0000
78.5800 6127.0000
78.6000 6003.0000
78.6200 6085.0000
78.6400 5959.0000
78.6600 6039.0000
78.6800 6065.0000
78.7000 6248.0000
78.7200 6124.0000
78.7400 6047.0000
78.7600 6097.0000
78.7800 6150.0000
78.8000 6038.0000
78.8200 6017.0000
78.8400 6005.0000
78.8600 6275.0000
78.8800 6085.0000
78.9000 6050.0000
78.9200 6094.0000
78.9400 5956.0000
78.9600 5971.0000
78.9800 5989.0000
79.0000 5971.0000
79.0200 6197.0000
79.0400 5967.0000
79.0600 6207.0000
79.0800 5992.0000
79.1000 6026.0000
79.1200 6096.0000
79.1400 6044.0000
79.1600 6015.0000
79.1800 5993.0000
79.2000 5985.0000
79.2200 6117.0000
79.2400 6025.0000
79.2600 6047.0000
79.2800 6076.0000
79.3000 6004.0000
79.3200 6081.0000
79.3400 5972.0000
79.3600 6034.0000
79.3800 6004.0000
79.4000 6052.0000
79.4200 5971.0000
79.4400 5943.0000
79.4600 6073.0000
79.4800 6096.0000
79.5000 6178.0000
79.5200 5882.0000
79.5400 6029.0000
79.5600 6023.0000
79.5800 6075.0000
79.6000 6096.0000
79.6200 6035.0000
79.6400 5908.0000
79.6600 6008.0000
79.6800 5985.0000
79.7000 6023.0000
79.7200 5969.0000
79.7400 6149.0000
79.7600 5984.0000
79.7800 6028.0000
79.8000 6031.0000
79.8200 6122.0000
79.8400 6080.0000
79.8600 6055.0000
79.8800 6145.0000
79.9000 6102.0000
79.9200 6075.0000
79.9400 6159.0000
79.9600 6123.0000
79.9800 6082.0000
80.0000 6181.0000
80.0200 6258.0000
80.0400 6116.0000
80.0600 6257.0000
80.0800 6324.0000
80.1000 6157.0000
80.1200 6214.0000
80.1400 6106.0000
80.1600 6183.0000
80.1800 6151.0000
80.2000 6165.0000
80.2200 6218.0000
80.2400 6158.0000
80.2600 6127.0000
80.2800 6280.0000
80.3000 6182.0000
80.3200 6160.0000
80.3400 6141.0000
80.3600 6250.0000
80.3800 6047.0000
80.4000 6132.0000
80.4200 6025.0000
80.4400 6227.0000
80.4600 6081.0000
80.4800 6119.0000
80.5000 6142.0000
80.5200 6079.0000
80.5400 6120.0000
80.5600 6173.0000
80.5800 6010.0000
80.6000 6043.0000
80.6200 6012.0000
80.6400 6073.0000
80.6600 6000.0000
80.6800 6019.0000
80.7000 5960.0000
80.7200 6054.0000
80.7400 5967.0000
80.7600 5984.0000
80.7800 5935.0000
80.8000 6041.0000
80.8200 5996.0000
80.8400 5933.0000
80.8600 6090.0000
80.8800 5854.0000
80.9000 5945.0000
80.9200 5987.0000
80.9400 6041.0000
80.9600 5905.0000
80.9800 5814.0000
81.0000 5965.0000
81.0200 5979.0000
81.0400 5950.0000
81.0600 5882.0000
81.0800 5912.0000
81.1000 5907.0000
81.1200 5927.0000
81.1400 5932.0000
81.1600 5866.0000
81.1800 5884.0000
81.2000 5965.0000
81.2200 5941.0000
81.2400 5861.0000
81.2600 5983.0000
81.2800 5957.0000
81.3000 6001.0000
81.3200 5967.0000
81.3400 5846.0000
81.3600 5924.0000
81.3800 5875.0000
81.4000 5912.0000
81.4200 5900.0000
81.4400 5923.0000
81.4600 5967.0000
81.4800 5832.0000
81.5000 6077.0000
81.5200 5867.0000
81.5400 5921.0000
81.5600 6017.0000
81.5800 5866.0000
81.6000 6059.0000
81.6200 6025.0000
81.6400 5969.0000
81.6600 5914.0000
81.6800 5839.0000
81.7000 5833.0000
81.7200 5960.0000
81.7400 5980.0000
81.7600 5835.0000
81.7800 5826.0000
81.8000 5948.0000
81.8200 5968.0000
81.8400 6031.0000
81.8600 6013.0000
81.8800 5854.0000
81.9000 5951.0000
81.9200 5855.0000
81.9400 5864.0000
81.9600 6010.0000
81.9800 5773.0000
82.0000 5984.0000
82.0200 5845.0000
82.0400 5844.0000
82.0600 5842.0000
82.0800 6003.0000
82.1000 5881.0000
82.1200 5939.0000
82.1400 5963.0000
82.1600 5959.0000
82.1800 5862.0000
82.2000 5913.0000
82.2200 5946.0000
82.2400 6034.0000
82.2600 6106.0000
82.2800 5921.0000
82.3000 5923.0000
82.3200 6003.0000
82.3400 6032.0000
82.3600 5971.0000
82.3800 5904.0000
82.4000 5900.0000
82.4200 5792.0000
82.4400 5901.0000
82.4600 5909.0000
82.4800 6007.0000
82.5000 6020.0000
82.5200 5974.0000
82.5400 6056.0000
82.5600 5906.0000
82.5800 6059.0000
82.6000 5941.0000
82.6200 5962.0000
82.6400 5986.0000
82.6600 5886.0000
82.6800 5862.0000
82.7000 5860.0000
82.7200 5854.0000
82.7400 5980.0000
82.7600 5951.0000
82.7800 5954.0000
82.8000 5979.0000
82.8200 5921.0000
82.8400 5778.0000
82.8600 5863.0000
82.8800 5815.0000
82.9000 5923.0000
82.9200 6007.0000
82.9400 5955.0000
82.9600 5795.0000
82.9800 5830.0000
83.0000 5801.0000
83.0200 5994.0000
83.0400 6102.0000
83.0600 5951.0000
83.0800 5988.0000
83.1000 5883.0000
83.1200 5951.0000
83.1400 5920.0000
83.1600 6000.0000
83.1800 5928.0000
83.2000 5873.0000
83.2200 5836.0000
83.2400 5840.0000
83.2600 5945.0000
83.2800 5791.0000
83.3000 5981.0000
83.3200 5952.0000
83.3400 5928.0000
83.3600 5935.0000
83.3800 6065.0000
83.4000 6236.0000
83.4200 5990.0000
83.4400 6017.0000
83.4600 5891.0000
83.4800 5969.0000
83.5000 5972.0000
83.5200 5912.0000
83.5400 5858.0000
83.5600 5999.0000
83.5800 5774.0000
83.6000 5777.0000
83.6200 5847.0000
83.6400 5947.0000
83.6600 5867.0000
83.6800 5904.0000
83.7000 5847.0000
83.7200 5971.0000
83.7400 5946.0000
83.7600 5921.0000
83.7800 6056.0000
83.8000 6001.0000
83.8200 6044.0000
83.8400 5817.0000
83.8600 5876.0000
83.8800 5935.0000
83.9000 5960.0000
83.9200 5825.0000
83.9400 6081.0000
83.9600 6070.0000
83.9800 5899.0000
84.0000 5884.0000
84.0200 5827.0000
84.0400 5987.0000
84.0600 5903.0000
84.0800 5916.0000
84.1000 5783.0000
84.1200 5887.0000
84.1400 5834.0000
84.1600 5975.0000
84.1800 5922.0000
84.2000 6062.0000
84.2200 5915.0000
84.2400 5910.0000
84.2600 5915.0000
84.2800 5862.0000
84.3000 5856.0000
84.3200 6119.0000
84.3400 5781.0000
84.3600 5998.0000
84.3800 5985.0000
84.4000 5918.0000
84.4200 6023.0000
84.4400 5868.0000
84.4600 6004.0000
84.4800 5878.0000
84.5000 6033.0000
84.5200 6061.0000
84.5400 5800.0000
84.5600 5967.0000
84.5800 6039.0000
84.6000 6156.0000
84.6200 6122.0000
84.6400 6113.0000
84.6600 6077.0000
84.6800 6125.0000
84.7000 5967.0000
84.7200 5958.0000
84.7400 6045.0000
84.7600 6224.0000
84.7800 6161.0000
84.8000 6077.0000
84.8200 6194.0000
84.8400 6087.0000
84.8600 6163.0000
84.8800 6196.0000
84.9000 6097.0000
84.9200 5983.0000
84.9400 6176.0000
84.9600 6207.0000
84.9800 6119.0000
85.0000 6132.0000
85.0200 6085.0000
85.0400 6131.0000
85.0600 6148.0000
85.0800 6003.0000
85.1000 5898.0000
85.1200 6109.0000
85.1400 6068.0000
85.1600 5887.0000
85.1800 6000.0000
85.2000 6066.0000
85.2200 6017.0000
85.2400 6005.0000
85.2600 5941.0000
85.2800 6051.0000
85.3000 5918.0000
85.3200 6021.0000
85.3400 5971.0000
85.3600 6095.0000
85.3800 6066.0000
85.4000 6106.0000
85.4200 6081.0000
85.4400 5978.0000
85.4600 5884.0000
85.4800 6066.0000
85.5000 6007.0000
85.5200 5909.0000
85.5400 6102.0000
85.5600 6051.0000
85.5800 6005.0000
85.6000 5974.0000
85.6200 6022.0000
85.6400 6148.0000
85.6600 6020.0000
85.6800 6023.0000
85.7000 5950.0000
85.7200 5989.0000
85.7400 6119.0000
85.7600 6049.0000
85.7800 5960.0000
85.8000 6011.0000
85.8200 6064.0000
85.8400 6076.0000
85.8600 5943.0000
85.8800 5877.0000
85.9000 5979.0000
85.9200 6108.0000
85.9400 5908.0000
85.9600 5984.0000
85.9800 6148.0000
86.0000 6049.0000
86.0200 6048.0000
86.0400 6093.0000
86.0600 6109.0000
86.0800 6069.0000
86.1000 6016.0000
86.1200 6119.0000
86.1400 6072.0000
86.1600 6240.0000
86.1800 6230.0000
86.2000 6192.0000
86.2200 6295.0000
86.2400 6145.0000
86.2600 6362.0000
86.2800 6244.0000
86.3000 6389.0000
86.3200 6334.0000
86.3400 6503.0000
86.3600 6474.0000
86.3800 6541.0000
86.4000 6547.0000
86.4200 6567.0000
86.4400 6725.0000
86.4600 6659.0000
86.4800 6790.0000
86.5000 6621.0000
86.5200 6784.0000
86.5400 6669.0000
86.5600 6675.0000
86.5800 6749.0000
86.6000 6777.0000
86.6200 6803.0000
86.6400 6692.0000
86.6600 6819.0000
86.6800 6670.0000
86.7000 6654.0000
86.7200 6590.0000
86.7400 6547.0000
86.7600 6664.0000
86.7800 6512.0000
86.8000 6649.0000
86.8200 6609.0000
86.8400 6443.0000
86.8600 6495.0000
86.8800 6368.0000
86.9000 6310.0000
86.9200 6315.0000
86.9400 6156.0000
86.9600 6109.0000
86.9800 6187.0000
87.0000 6115.0000
87.0200 6145.0000
87.0400 6125.0000
87.0600 6170.0000
87.0800 6103.0000
87.1000 6136.0000
87.1200 6039.0000
87.1400 6190.0000
87.1600 6100.0000
87.1800 6116.0000
87.2000 5952.0000
87.2200 6092.0000
87.2400 6089.0000
87.2600 6116.0000
87.2800 6065.0000
87.3000 5930.0000
87.3200 5981.0000
87.3400 5989.0000
87.3600 6037.0000
87.3800 5954.0000
87.4000 5964.0000
87.4200 5951.0000
87.4400 6018.0000
87.4600 5886.0000
87.4800 5865.0000
87.5000 5936.0000
87.5200 5973.0000
87.5400 6106.0000
87.5600 5976.0000
87.5800 5938.0000
87.6000 6048.0000
87.6200 6075.0000
87.6400 6053.0000
87.6600 5979.0000
87.6800 5973.0000
87.7000 6003.0000
87.7200 5979.0000
87.7400 5962.0000
87.7600 5986.0000
87.7800 6057.0000
87.8000 6141.0000
87.8200 6055.0000
87.8400 6050.0000
87.8600 5936.0000
87.8800 5981.0000
87.9000 6130.0000
87.9200 6141.0000
87.9400 6169.0000
87.9600 5955.0000
87.9800 5889.0000
88.0000 6113.0000
88.0200 6071.0000
88.0400 6000.0000
88.0600 5956.0000
88.0800 5867.0000
88.1000 6033.0000
88.1200 6109.0000
88.1400 5966.0000
88.1600 5897.0000
88.1800 6042.0000
88.2000 5992.0000
88.2200 6041.0000
88.2400 6005.0000
88.2600 5939.0000
88.2800 5966.0000
88.3000 6027.0000
88.3200 6008.0000
88.3400 6115.0000
88.3600 6098.0000
88.3800 5962.0000
88.4000 5950.0000
88.4200 6140.0000
88.4400 5959.0000
88.4600 5960.0000
88.4800 5901.0000
88.5000 5948.0000
88.5200 6005.0000
88.5400 5837.0000
88.5600 5893.0000
88.5800 5859.0000
88.6000 5940.0000
88.6200 5910.0000
88.6400 5986.0000
88.6600 5995.0000
88.6800 5959.0000
88.7000 6008.0000
88.7200 5982.0000
88.7400 5966.0000
88.7600 5956.0000
88.7800 6077.0000
88.8000 6085.0000
88.8200 6095.0000
88.8400 5979.0000
88.8600 5954.0000
88.8800 5864.0000
88.9000 5851.0000
88.9200 5957.0000
88.9400 6097.0000
88.9600 5918.0000
88.9800 6006.0000
89.0000 5851.0000
89.0200 5975.0000
89.0400 5996.0000
89.0600 6024.0000
89.0800 6125.0000
89.1000 5951.0000
89.1200 5883.0000
89.1400 6019.0000
89.1600 6034.0000
89.1800 5976.0000
89.2000 6018.0000
89.2200 6106.0000
89.2400 5964.0000
89.2600 5950.0000
89.2800 5848.0000
89.3000 5939.0000
89.3200 6053.0000
89.3400 6012.0000
89.3600 6041.0000
89.3800 6060.0000
89.4000 5987.0000
89.4200 5980.0000
89.4400 5955.0000
89.4600 6014.0000
89.4800 5978.0000
89.5000 5893.0000
89.5200 6046.0000
89.5400 6010.0000
89.5600 6038.0000
89.5800 6084.0000
89.6000 5991.0000
89.6200 5985.0000
89.6400 6078.0000
89.6600 6051.0000
89.6800 6040.0000
89.7000 6019.0000
89.7200 6107.0000
89.7400 6195.0000
89.7600 6094.0000
89.7800 5980.0000
89.8000 6139.0000
89.8200 6117.0000
89.8400 6117.0000
89.8600 6166.0000
89.8800 6260.0000
89.9000 6224.0000
89.9200 6200.0000
89.9400 6250.0000
89.9600 6150.0000
89.9800 6264.0000
90.0000 6216.0000
