#Intensity_unit=counts
#Attenuator_coefficient=1.0000
5.0000 17018.0000
5.0200 16861.0000
5.0400 16951.0000
5.0600 16906.0000
5.0800 16859.0000
5.1000 17101.0000
5.1200 16985.0000
5.1400 16872.0000
5.1600 17082.0000
5.1800 16883.0000
5.2000 16959.0000
5.2200 16743.0000
5.2400 16659.0000
5.2600 17100.0000
5.2800 16809.0000
5.3000 16723.0000
5.3200 17051.0000
5.3400 16679.0000
5.3600 16387.0000
5.3800 16872.0000
5.4000 16907.0000
5.4200 16777.0000
5.4400 16449.0000
5.4600 16527.0000
5.4800 16257.0000
5.5000 16543.0000
5.5200 16420.0000
5.5400 16545.0000
5.5600 16406.0000
5.5800 16352.0000
5.6000 16615.0000
5.6200 16022.0000
5.6400 16325.0000
5.6600 16279.0000
5.6800 16393.0000
5.7000 16239.0000
5.7200 16450.0000
5.7400 16070.0000
5.7600 16218.0000
5.7800 16242.0000
5.8000 16214.0000
5.8200 16044.0000
5.8400 16190.0000
5.8600 15970.0000
5.8800 15955.0000
5.9000 15924.0000
5.9200 15907.0000
5.9400 16116.0000
5.9600 15986.0000
5.9800 15888.0000
6.0000 15827.0000
6.0200 15719.0000
6.0400 15815.0000
6.0600 15777.0000
6.0800 15938.0000
6.1000 15849.0000
6.1200 15648.0000
6.1400 15808.0000
6.1600 15714.0000
6.1800 15727.0000
6.2000 15882.0000
6.2200 15584.0000
6.2400 15462.0000
6.2600 15771.0000
6.2800 15349.0000
6.3000 15499.0000
6.3200 15513.0000
6.3400 15309.0000
6.3600 15312.0000
6.3800 15426.0000
6.4000 15424.0000
6.4200 15415.0000
6.4400 15221.0000
6.4600 15557.0000
6.4800 15271.0000
6.5000 15330.0000
6.5200 15096.0000
6.5400 15208.0000
6.5600 15096.0000
6.5800 15205.0000
6.6000 15249.0000
6.6200 15240.0000
6.6400 15161.0000
6.6600 15083.0000
6.6800 14956.0000
6.7000 15020.0000
6.7200 15149.0000
6.7400 14907.0000
6.7600 14828.0000
6.7800 15231.0000
6.8000 14933.0000
6.8200 15127.0000
6.8400 15110.0000
6.8600 15001.0000
6.8800 14821.0000
6.9000 14955.0000
6.9200 14880.0000
6.9400 15020.0000
6.9600 14841.0000
6.9800 14878.0000
7.0000 14669.0000
7.0200 14771.0000
7.0400 14778.0000
7.0600 14850.0000
7.0800 14560.0000
7.1000 14972.0000
7.1200 14695.0000
7.1400 14624.0000
7.1600 14752.0000
7.1800 14773.0000
7.2000 14941.0000
7.2200 14667.0000
7.2400 14426.0000
7.2600 14500.0000
7.2800 14462.0000
7.3000 14661.0000
7.3200 14608.0000
7.3400 14598.0000
7.3600 14506.0000
7.3800 14433.0000
7.4000 14495.0000
7.4200 14412.0000
7.4400 14390.0000
7.4600 14576.0000
7.4800 14474.0000
7.5000 14489.0000
7.5200 14346.0000
7.5400 14339.0000
7.5600 14383.0000
7.5800 14430.0000
7.6000 14589.0000
7.6200 14238.0000
7.6400 14163.0000
7.6600 14369.0000
7.6800 14259.0000
7.7000 14246.0000
7.7200 14288.0000
7.7400 14273.0000
7.7600 14143.0000
7.7800 14199.0000
7.8000 14093.0000
7.8200 14192.0000
7.8400 14055.0000
7.8600 14111.0000
7.8800 14331.0000
7.9000 14286.0000
7.9200 14166.0000
7.9400 13975.0000
7.9600 14078.0000
7.9800 13953.0000
8.0000 14110.0000
8.0200 14141.0000
8.0400 13899.0000
8.0600 14144.0000
8.0800 14159.0000
8.1000 14057.0000
8.1200 14052.0000
8.1400 14030.0000
8.1600 13804.0000
8.1800 14011.0000
8.2000 13889.0000
8.2200 13890.0000
8.2400 13983.0000
8.2600 13892.0000
8.2800 14031.0000
8.3000 13962.0000
8.3200 13635.0000
8.3400 13782.0000
8.3600 13872.0000
8.3800 13625.0000
8.4000 13890.0000
8.4200 13664.0000
8.4400 13808.0000
8.4600 13621.0000
8.4800 13693.0000
8.5000 13772.0000
8.5200 13618.0000
8.5400 13820.0000
8.5600 13837.0000
8.5800 13774.0000
8.6000 13552.0000
8.6200 13629.0000
8.6400 13465.0000
8.6600 13540.0000
8.6800 13461.0000
8.7000 13520.0000
8.7200 13645.0000
8.7400 13613.0000
8.7600 13596.0000
8.7800 13517.0000
8.8000 13522.0000
8.8200 13449.0000
8.8400 13354.0000
8.8600 13688.0000
8.8800 13410.0000
8.9000 13380.0000
8.9200 13290.0000
8.9400 13430.0000
8.9600 13370.0000
8.9800 13265.0000
9.0000 13387.0000
9.0200 13242.0000
9.0400 13266.0000
9.0600 13271.0000
9.0800 13247.0000
9.1000 13106.0000
9.1200 13139.0000
9.1400 13208.0000
9.1600 13270.0000
9.1800 13267.0000
9.2000 13046.0000
9.2200 13155.0000
9.2400 13197.0000
9.2600 13137.0000
9.2800 12991.0000
9.3000 13277.0000
9.3200 13152.0000
9.3400 13216.0000
9.3600 13047.0000
9.3800 13063.0000
9.4000 13316.0000
9.4200 13065.0000
9.4400 13002.0000
9.4600 13158.0000
9.4800 12826.0000
9.5000 13035.0000
9.5200 12912.0000
9.5400 12857.0000
9.5600 12915.0000
9.5800 12915.0000
9.6000 13017.0000
9.6200 12914.0000
9.6400 12771.0000
9.6600 12868.0000
9.6800 12865.0000
9.7000 12855.0000
9.7200 12847.0000
9.7400 12693.0000
9.7600 12949.0000
9.7800 12754.0000
9.8000 12841.0000
9.8200 12570.0000
9.8400 12709.0000
9.8600 12822.0000
9.8800 12645.0000
9.9000 12775.0000
9.9200 12839.0000
9.9400 12698.0000
9.9600 12898.0000
9.9800 12723.0000
10.0000 12775.0000
10.0200 12735.0000
10.0400 12485.0000
10.0600 12553.0000
10.0800 12423.0000
10.1000 12456.0000
10.1200 12620.0000
10.1400 12438.0000
10.1600 12423.0000
10.1800 12408.0000
10.2000 12365.0000
10.2200 12593.0000
10.2400 12398.0000
10.2600 12605.0000
10.2800 12452.0000
10.3000 12420.0000
10.3200 12423.0000
10.3400 12544.0000
10.3600 12413.0000
10.3800 12373.0000
10.4000 12256.0000
10.4200 12331.0000
10.4400 12436.0000
10.4600 12362.0000
10.4800 12263.0000
10.5000 12531.0000
10.5200 12382.0000
10.5400 12473.0000
10.5600 12385.0000
10.5800 12312.0000
10.6000 12237.0000
10.6200 12324.0000
10.6400 12273.0000
10.6600 12250.0000
10.6800 12295.0000
10.7000 12268.0000
10.7200 12171.0000
10.7400 12175.0000
10.7600 12176.0000
10.7800 12099.0000
10.8000 12124.0000
10.8200 12095.0000
10.8400 12062.0000
10.8600 12123.0000
10.8800 12174.0000
10.9000 11949.0000
10.9200 12141.0000
10.9400 11810.0000
10.9600 12157.0000
10.9800 12010.0000
11.0000 12007.0000
11.0200 12086.0000
11.0400 12023.0000
11.0600 12085.0000
11.0800 12007.0000
11.1000 12086.0000
11.1200 11984.0000
11.1400 11925.0000
11.1600 11941.0000
11.1800 11885.0000
11.2000 11984.0000
11.2200 12061.0000
11.2400 11853.0000
11.2600 11856.0000
11.2800 11950.0000
11.3000 11901.0000
11.3200 11843.0000
11.3400 11963.0000
11.3600 11827.0000
11.3800 11873.0000
11.4000 11856.0000
11.4200 11900.0000
11.4400 11675.0000
11.4600 11871.0000
11.4800 11971.0000
11.5000 11683.0000
11.5200 11803.0000
11.5400 11794.0000
11.5600 11722.0000
11.5800 11598.0000
11.6000 11860.0000
11.6200 11713.0000
11.6400 11618.0000
11.6600 11711.0000
11.6800 11767.0000
11.7000 11718.0000
11.7200 11774.0000
11.7400 11608.0000
11.7600 11679.0000
11.7800 11613.0000
11.8000 11667.0000
11.8200 11735.0000
11.8400 11780.0000
11.8600 11643.0000
11.8800 11802.0000
11.9000 11559.0000
11.9200 11544.0000
11.9400 11490.0000
11.9600 11686.0000
11.9800 11432.0000
12.0000 11749.0000
12.0200 11540.0000
12.0400 11635.0000
12.0600 11582.0000
12.0800 11437.0000
12.1000 11378.0000
12.1200 11539.0000
12.1400 11650.0000
12.1600 11601.0000
12.1800 11345.0000
12.2000 11494.0000
12.2200 11577.0000
12.2400 11407.0000
12.2600 11480.0000
12.2800 11407.0000
12.3000 11374.0000
12.3200 11463.0000
12.3400 11275.0000
12.3600 11370.0000
12.3800 11255.0000
12.4000 11423.0000
12.4200 11247.0000
12.4400 11475.0000
12.4600 11301.0000
12.4800 11272.0000
12.5000 11352.0000
12.5200 11624.0000
12.5400 11559.0000
12.5600 11385.0000
12.5800 11471.0000
12.6000 11423.0000
12.6200 11401.0000
12.6400 11250.0000
12.6600 11336.0000
12.6800 11208.0000
12.7000 11209.0000
12.7200 11289.0000
12.7400 11244.0000
12.7600 11379.0000
12.7800 11038.0000
12.8000 11358.0000
12.8200 11320.0000
12.8400 11337.0000
12.8600 11030.0000
12.8800 11369.0000
12.9000 11303.0000
12.9200 11274.0000
12.9400 11224.0000
12.9600 11113.0000
12.9800 11329.0000
13.0000 11279.0000
13.0200 11228.0000
13.0400 11385.0000
13.0600 11222.0000
13.0800 11366.0000
13.1000 11264.0000
13.1200 11227.0000
13.1400 11045.0000
13.1600 10869.0000
13.1800 11149.0000
13.2000 11112.0000
13.2200 10995.0000
13.2400 11069.0000
13.2600 11080.0000
13.2800 11109.0000
13.3000 11212.0000
13.3200 11007.0000
13.3400 11126.0000
13.3600 11031.0000
13.3800 11078.0000
13.4000 11074.0000
13.4200 11073.0000
13.4400 11186.0000
13.4600 10926.0000
13.4800 10966.0000
13.5000 10972.0000
13.5200 11120.0000
13.5400 11011.0000
13.5600 10964.0000
13.5800 11002.0000
13.6000 11054.0000
13.6200 11138.0000
13.6400 10989.0000
13.6600 11011.0000
13.6800 11042.0000
13.7000 10867.0000
13.7200 10847.0000
13.7400 11022.0000
13.7600 11009.0000
13.7800 11039.0000
13.8000 11041.0000
13.8200 10954.0000
13.8400 11107.0000
13.8600 11064.0000
13.8800 11012.0000
13.9000 11092.0000
13.9200 10965.0000
13.9400 10858.0000
13.9600 11097.0000
13.9800 11207.0000
14.0000 11091.0000
14.0200 11065.0000
14.0400 11027.0000
14.0600 10987.0000
14.0800 10753.0000
14.1000 10839.0000
14.1200 11061.0000
14.1400 11042.0000
14.1600 11024.0000
14.1800 11013.0000
14.2000 10958.0000
14.2200 11084.0000
14.2400 10992.0000
14.2600 11081.0000
14.2800 10881.0000
14.3000 11044.0000
14.3200 10975.0000
14.3400 10987.0000
14.3600 11101.0000
14.3800 10890.0000
14.4000 10815.0000
14.4200 10925.0000
14.4400 10792.0000
14.4600 10936.0000
14.4800 10950.0000
14.5000 11003.0000
14.5200 11048.0000
14.5400 10908.0000
14.5600 10883.0000
14.5800 10864.0000
14.6000 10898.0000
14.6200 10790.0000
14.6400 11024.0000
14.6600 11028.0000
14.6800 11016.0000
14.7000 10990.0000
14.7200 10827.0000
14.7400 10817.0000
14.7600 10797.0000
14.7800 10777.0000
14.8000 10863.0000
14.8200 10801.0000
14.8400 10824.0000
14.8600 10870.0000
14.8800 10942.0000
14.9000 10930.0000
14.9200 10951.0000
14.9400 10875.0000
14.9600 11021.0000
14.9800 11007.0000
15.0000 10910.0000
15.0200 11032.0000
15.0400 10908.0000
15.0600 10988.0000
15.0800 11020.0000
15.1000 10710.0000
15.1200 10948.0000
15.1400 10615.0000
15.1600 10701.0000
15.1800 10752.0000
15.2000 10894.0000
15.2200 10958.0000
15.2400 10696.0000
15.2600 10681.0000
15.2800 10515.0000
15.3000 10671.0000
15.3200 10603.0000
15.3400 10681.0000
15.3600 10635.0000
15.3800 10678.0000
15.4000 10685.0000
15.4200 10685.0000
15.4400 10559.0000
15.4600 10753.0000
15.4800 10562.0000
15.5000 10645.0000
15.5200 10781.0000
15.5400 10628.0000
15.5600 10537.0000
15.5800 10782.0000
15.6000 10675.0000
15.6200 10795.0000
15.6400 10791.0000
15.6600 10849.0000
15.6800 10777.0000
15.7000 10789.0000
15.7200 10514.0000
15.7400 10697.0000
15.7600 10844.0000
15.7800 10843.0000
15.8000 10973.0000
15.8200 10840.0000
15.8400 10844.0000
15.8600 10934.0000
15.8800 10988.0000
15.9000 11129.0000
15.9200 11065.0000
15.9400 11071.0000
15.9600 11137.0000
15.9800 11367.0000
16.0000 11397.0000
16.0200 11559.0000
16.0400 11802.0000
16.0600 11679.0000
16.0800 11819.0000
16.1000 12079.0000
16.1200 12193.0000
16.1400 12118.0000
16.1600 12404.0000
16.1800 12455.0000
16.2000 12748.0000
16.2200 12815.0000
16.2400 13084.0000
16.2600 13381.0000
16.2800 13759.0000
16.3000 14163.0000
16.3200 14729.0000
16.3400 15061.0000
16.3600 16243.0000
16.3800 17144.0000
16.4000 18739.0000
16.4200 21004.0000
16.4400 24047.0000
16.4600 28192.0000
16.4800 34052.0000
16.5000 41990.0000
16.5200 51420.0000
16.5400 63272.0000
16.5600 76003.0000
16.5800 86748.0000
16.6000 94548.0000
16.6200 95755.0000
16.6400 90286.0000
16.6600 79208.0000
16.6800 66080.0000
16.7000 53499.0000
16.7200 42490.0000
16.7400 34116.0000
16.7600 28092.0000
16.7800 23467.0000
16.8000 20611.0000
16.8200 18181.0000
16.8400 16689.0000
16.8600 15426.0000
16.8800 14652.0000
16.9000 14005.0000
16.9200 13293.0000
16.9400 13128.0000
16.9600 12332.0000
16.9800 12202.0000
17.0000 11875.0000
17.0200 11721.0000
17.0400 11475.0000
17.0600 11166.0000
17.0800 11263.0000
17.1000 11054.0000
17.1200 11059.0000
17.1400 10862.0000
17.1600 10958.0000
17.1800 10802.0000
17.2000 10795.0000
17.2200 10753.0000
17.2400 10823.0000
17.2600 10710.0000
17.2800 10578.0000
17.3000 10543.0000
17.3200 10586.0000
17.3400 10436.0000
17.3600 10422.0000
17.3800 10478.0000
17.4000 10199.0000
17.4200 10330.0000
17.4400 10254.0000
17.4600 10390.0000
17.4800 10201.0000
17.5000 10299.0000
17.5200 10312.0000
17.5400 10283.0000
17.5600 10128.0000
17.5800 10149.0000
17.6000 10153.0000
17.6200 10186.0000
17.6400 10045.0000
17.6600 10007.0000
17.6800 10045.0000
17.7000 9950.0000
17.7200 10022.0000
17.7400 9885.0000
17.7600 10019.0000
17.7800 10003.0000
17.8000 9895.0000
17.8200 9804.0000
17.8400 9976.0000
17.8600 9908.0000
17.8800 10113.0000
17.9000 9802.0000
17.9200 9785.0000
17.9400 9865.0000
17.9600 9834.0000
17.9800 9863.0000
18.0000 9696.0000
18.0200 9862.0000
18.0400 9823.0000
18.0600 9800.0000
18.0800 9787.0000
18.1000 9664.0000
18.1200 9760.0000
18.1400 9688.0000
18.1600 9819.0000
18.1800 9682.0000
18.2000 9852.0000
18.2200 9532.0000
18.2400 9735.0000
18.2600 9705.0000
18.2800 9421.0000
18.3000 9465.0000
18.3200 9454.0000
18.3400 9654.0000
18.3600 9591.0000
18.3800 9641.0000
18.4000 9516.0000
18.4200 9589.0000
18.4400 9489.0000
18.4600 9572.0000
18.4800 9608.0000
18.5000 9547.0000
18.5200 9472.0000
18.5400 9413.0000
18.5600 9489.0000
18.5800 9434.0000
18.6000 9526.0000
18.6200 9530.0000
18.6400 9508.0000
18.6600 9461.0000
18.6800 9687.0000
18.7000 9511.0000
18.7200 9391.0000
18.7400 9621.0000
18.7600 9460.0000
18.7800 9620.0000
18.8000 9557.0000
18.8200 9403.0000
18.8400 9596.0000
18.8600 9586.0000
18.8800 9407.0000
18.9000 9485.0000
18.9200 9598.0000
18.9400 9517.0000
18.9600 9501.0000
18.9800 9474.0000
19.0000 9434.0000
19.0200 9271.0000
19.0400 9312.0000
19.0600 9406.0000
19.0800 9397.0000
19.1000 9441.0000
19.1200 9284.0000
19.1400 9380.0000
19.1600 9371.0000
19.1800 9355.0000
19.2000 9333.0000
19.2200 9362.0000
19.2400 9291.0000
19.2600 9298.0000
19.2800 9203.0000
19.3000 9283.0000
19.3200 9096.0000
19.3400 9476.0000
19.3600 9278.0000
19.3800 9106.0000
19.4000 9330.0000
19.4200 9250.0000
19.4400 9232.0000
19.4600 9273.0000
19.4800 9353.0000
19.5000 9234.0000
19.5200 9097.0000
19.5400 9218.0000
19.5600 9017.0000
19.5800 8986.0000
19.6000 8980.0000
19.6200 9070.0000
19.6400 9245.0000
19.6600 9116.0000
19.6800 9233.0000
19.7000 8928.0000
19.7200 9085.0000
19.7400 9142.0000
19.7600 9107.0000
19.7800 9143.0000
19.8000 9070.0000
19.8200 9091.0000
19.8400 9258.0000
19.8600 9042.0000
19.8800 8987.0000
19.9000 9064.0000
19.9200 9030.0000
19.9400 9025.0000
19.9600 8872.0000
19.9800 8896.0000
20.0000 9105.0000
20.0200 9058.0000
20.0400 8896.0000
20.0600 8964.0000
20.0800 8940.0000
20.1000 9127.0000
20.1200 8877.0000
20.1400 8969.0000
20.1600 9048.0000
20.1800 9067.0000
20.2000 8992.0000
20.2200 9081.0000
20.2400 9074.0000
20.2600 9138.0000
20.2800 8893.0000
20.3000 9006.0000
20.3200 9031.0000
20.3400 8935.0000
20.3600 8889.0000
20.3800 8828.0000
20.4000 8898.0000
20.4200 8907.0000
20.4400 8836.0000
20.4600 8866.0000
20.4800 8772.0000
20.5000 8897.0000
20.5200 8846.0000
20.5400 8855.0000
20.5600 8990.0000
20.5800 8862.0000
20.6000 8960.0000
20.6200 8811.0000
20.6400 8749.0000
20.6600 8832.0000
20.6800 8999.0000
20.7000 9001.0000
20.7200 8740.0000
20.7400 8774.0000
20.7600 8776.0000
20.7800 8738.0000
20.8000 9038.0000
20.8200 8772.0000
20.8400 8904.0000
20.8600 8742.0000
20.8800 8757.0000
20.9000 8894.0000
20.9200 8768.0000
20.9400 8750.0000
20.9600 8763.0000
20.9800 8822.0000
21.0000 8741.0000
21.0200 8663.0000
21.0400 8722.0000
21.0600 8677.0000
21.0800 8777.0000
21.1000 8645.0000
21.1200 8659.0000
21.1400 8655.0000
21.1600 8566.0000
21.1800 8527.0000
21.2000 8769.0000
21.2200 8527.0000
21.2400 8783.0000
21.2600 8668.0000
21.2800 8598.0000
21.3000 8707.0000
21.3200 8767.0000
21.3400 8703.0000
21.3600 8653.0000
21.3800 8654.0000
21.4000 8586.0000
21.4200 8668.0000
21.4400 8509.0000
21.4600 8586.0000
21.4800 8582.0000
21.5000 8560.0000
21.5200 8565.0000
21.5400 8674.0000
21.5600 8501.0000
21.5800 8512.0000
21.6000 8335.0000
21.6200 8609.0000
21.6400 8611.0000
21.6600 8432.0000
21.6800 8369.0000
21.7000 8503.0000
21.7200 8454.0000
21.7400 8493.0000
21.7600 8549.0000
21.7800 8454.0000
21.8000 8686.0000
21.8200 8564.0000
21.8400 8490.0000
21.8600 8352.0000
21.8800 8481.0000
21.9000 8604.0000
21.9200 8514.0000
21.9400 8564.0000
21.9600 8474.0000
21.9800 8482.0000
22.0000 8317.0000
22.0200 8474.0000
22.0400 8452.0000
22.0600 8412.0000
22.0800 8543.0000
22.1000 8395.0000
22.1200 8275.0000
22.1400 8630.0000
22.1600 8311.0000
22.1800 8636.0000
22.2000 8266.0000
22.2200 8386.0000
22.2400 8467.0000
22.2600 8295.0000
22.2800 8218.0000
22.3000 8502.0000
22.3200 8438.0000
22.3400 8439.0000
22.3600 8298.0000
22.3800 8387.0000
22.4000 8372.0000
22.4200 8191.0000
22.4400 8476.0000
22.4600 8210.0000
22.4800 8453.0000
22.5000 8377.0000
22.5200 8384.0000
22.5400 8311.0000
22.5600 8361.0000
22.5800 8325.0000
22.6000 8500.0000
22.6200 8422.0000
22.6400 8364.0000
22.6600 8393.0000
22.6800 8334.0000
22.7000 8291.0000
22.7200 8278.0000
22.7400 8381.0000
22.7600 8271.0000
22.7800 8337.0000
22.8000 8324.0000
22.8200 8356.0000
22.8400 8440.0000
22.8600 8171.0000
22.8800 8193.0000
22.9000 8198.0000
22.9200 8245.0000
22.9400 8257.0000
22.9600 8222.0000
22.9800 8291.0000
23.0000 8081.0000
23.0200 8227.0000
23.0400 8153.0000
23.0600 8261.0000
23.0800 8068.0000
23.1000 8267.0000
23.1200 8185.0000
23.1400 8332.0000
23.1600 8177.0000
23.1800 8214.0000
23.2000 8267.0000
23.2200 8301.0000
23.2400 8193.0000
23.2600 8320.0000
23.2800 8319.0000
23.3000 8138.0000
23.3200 8172.0000
23.3400 8335.0000
23.3600 8066.0000
23.3800 8281.0000
23.4000 8287.0000
23.4200 7901.0000
23.4400 8149.0000
23.4600 8214.0000
23.4800 8252.0000
23.5000 8152.0000
23.5200 8105.0000
23.5400 8186.0000
23.5600 8228.0000
23.5800 8162.0000
23.6000 8218.0000
23.6200 8112.0000
23.6400 8059.0000
23.6600 8252.0000
23.6800 8010.0000
23.7000 8148.0000
23.7200 8285.0000
23.7400 8112.0000
23.7600 8255.0000
23.7800 8278.0000
23.8000 8043.0000
23.8200 8080.0000
23.8400 8253.0000
23.8600 8144.0000
23.8800 8293.0000
23.9000 7993.0000
23.9200 7906.0000
23.9400 8109.0000
23.9600 8220.0000
23.9800 8121.0000
24.0000 8138.0000
24.0200 8108.0000
24.0400 8147.0000
24.0600 8124.0000
24.0800 8103.0000
24.1000 8023.0000
24.1200 8169.0000
24.1400 8008.0000
24.1600 8010.0000
24.1800 7951.0000
24.2000 8090.0000
24.2200 8159.0000
24.2400 7979.0000
24.2600 8001.0000
24.2800 8193.0000
24.3000 8013.0000
24.3200 7855.0000
24.3400 8016.0000
24.3600 8068.0000
24.3800 8120.0000
24.4000 7858.0000
24.4200 7916.0000
24.4400 7802.0000
24.4600 8106.0000
24.4800 8061.0000
24.5000 7963.0000
24.5200 8004.0000
24.5400 8036.0000
24.5600 7987.0000
24.5800 8066.0000
24.6000 8017.0000
24.6200 7887.0000
24.6400 8044.0000
24.6600 7892.0000
24.6800 8094.0000
24.7000 8008.0000
24.7200 7932.0000
24.7400 7935.0000
24.7600 8067.0000
24.7800 8118.0000
24.8000 7972.0000
24.8200 7937.0000
24.8400 7864.0000
24.8600 7788.0000
24.8800 7936.0000
24.9000 7779.0000
24.9200 7961.0000
24.9400 8029.0000
24.9600 8003.0000
24.9800 8059.0000
25.0000 7866.0000
25.0200 7992.0000
25.0400 7856.0000
25.0600 7931.0000
25.0800 7840.0000
25.1000 7960.0000
25.1200 7830.0000
25.1400 7819.0000
25.1600 7964.0000
25.1800 7737.0000
25.2000 7893.0000
25.2200 7627.0000
25.2400 7717.0000
25.2600 7884.0000
25.2800 7829.0000
25.3000 7987.0000
25.3200 7792.0000
25.3400 7924.0000
25.3600 7870.0000
25.3800 7904.0000
25.4000 7979.0000
25.4200 7924.0000
25.4400 7805.0000
25.4600 7766.0000
25.4800 7853.0000
25.5000 7808.0000
25.5200 7965.0000
25.5400 7763.0000
25.5600 7680.0000
25.5800 7642.0000
25.6000 7877.0000
25.6200 8034.0000
25.6400 7961.0000
25.6600 7949.0000
25.6800 7862.0000
25.7000 7853.0000
25.7200 7942.0000
25.7400 7887.0000
25.7600 7695.0000
25.7800 7807.0000
25.8000 7769.0000
25.8200 7809.0000
25.8400 7879.0000
25.8600 7871.0000
25.8800 7793.0000
25.9000 7795.0000
25.9200 7812.0000
25.9400 7803.0000
25.9600 7912.0000
25.9800 7681.0000
26.0000 7847.0000
26.0200 7846.0000
26.0400 7836.0000
26.0600 7718.0000
26.0800 7822.0000
26.1000 7839.0000
26.1200 7886.0000
26.1400 7770.0000
26.1600 7824.0000
26.1800 7665.0000
26.2000 7749.0000
26.2200 7747.0000
26.2400 7716.0000
26.2600 7779.0000
26.2800 7756.0000
26.3000 7515.0000
26.3200 7519.0000
26.3400 7752.0000
26.3600 7686.0000
26.3800 7925.0000
26.4000 7773.0000
26.4200 7680.0000
26.4400 7671.0000
26.4600 7781.0000
26.4800 7625.0000
26.5000 7741.0000
26.5200 7686.0000
26.5400 7724.0000
26.5600 7578.0000
26.5800 7772.0000
26.6000 7585.0000
26.6200 7661.0000
26.6400 7639.0000
26.6600 7677.0000
26.6800 7559.0000
26.7000 7657.0000
26.7200 7677.0000
26.7400 7545.0000
26.7600 7596.0000
26.7800 7542.0000
26.8000 7638.0000
26.8200 7747.0000
26.8400 7731.0000
26.8600 7593.0000
26.8800 7572.0000
26.9000 7608.0000
26.9200 7532.0000
26.9400 7697.0000
26.9600 7462.0000
26.9800 7508.0000
27.0000 7565.0000
27.0200 7602.0000
27.0400 7564.0000
27.0600 7651.0000
27.0800 7627.0000
27.1000 7493.0000
27.1200 7608.0000
27.1400 7786.0000
27.1600 7677.0000
27.1800 7554.0000
27.2000 7575.0000
27.2200 7358.0000
27.2400 7488.0000
27.2600 7514.0000
27.2800 7635.0000
27.3000 7530.0000
27.3200 7653.0000
27.3400 7632.0000
27.3600 7451.0000
27.3800 7556.0000
27.4000 7597.0000
27.4200 7586.0000
27.4400 7582.0000
27.4600 7588.0000
27.4800 7624.0000
27.5000 7558.0000
27.5200 7578.0000
27.5400 7562.0000
27.5600 7654.0000
27.5800 7603.0000
27.6000 7597.0000
27.6200 7381.0000
27.6400 7539.0000
27.6600 7721.0000
27.6800 7549.0000
27.7000 7550.0000
27.7200 7666.0000
27.7400 7460.0000
27.7600 7467.0000
27.7800 7678.0000
27.8000 7456.0000
27.8200 7603.0000
27.8400 7495.0000
27.8600 7537.0000
27.8800 7478.0000
27.9000 7539.0000
27.9200 7559.0000
27.9400 7501.0000
27.9600 7545.0000
27.9800 7372.0000
28.0000 7532.0000
28.0200 7396.0000
28.0400 7492.0000
28.0600 7499.0000
28.0800 7564.0000
28.1000 7468.0000
28.1200 7231.0000
28.1400 7473.0000
28.1600 7320.0000
28.1800 7430.0000
28.2000 7609.0000
28.2200 7360.0000
28.2400 7523.0000
28.2600 7516.0000
28.2800 7532.0000
28.3000 7566.0000
28.3200 7594.0000
28.3400 7535.0000
28.3600 7427.0000
28.3800 7505.0000
28.4000 7313.0000
28.4200 7653.0000
28.4400 7404.0000
28.4600 7503.0000
28.4800 7497.0000
28.5000 7376.0000
28.5200 7600.0000
28.5400 7540.0000
28.5600 7265.0000
28.5800 7356.0000
28.6000 7369.0000
28.6200 7603.0000
28.6400 7488.0000
28.6600 7512.0000
28.6800 7536.0000
28.7000 7441.0000
28.7200 7410.0000
28.7400 7410.0000
28.7600 7585.0000
28.7800 7524.0000
28.8000 7425.0000
28.8200 7431.0000
28.8400 7346.0000
28.8600 7446.0000
28.8800 7411.0000
28.9000 7434.0000
28.9200 7308.0000
28.9400 7420.0000
28.9600 7416.0000
28.9800 7468.0000
29.0000 7378.0000
29.0200 7352.0000
29.0400 7445.0000
29.0600 7298.0000
29.0800 7169.0000
29.1000 7333.0000
29.1200 7408.0000
29.1400 7255.0000
29.1600 7286.0000
29.1800 7317.0000
29.2000 7292.0000
29.2200 7370.0000
29.2400 7324.0000
29.2600 7365.0000
29.2800 7260.0000
29.3000 7432.0000
29.3200 7296.0000
29.3400 7488.0000
29.3600 7189.0000
29.3800 7356.0000
29.4000 7347.0000
29.4200 7392.0000
29.4400 7448.0000
29.4600 7414.0000
29.4800 7414.0000
29.5000 7228.0000
29.5200 7313.0000
29.5400 7385.0000
29.5600 7307.0000
29.5800 7296.0000
29.6000 7365.0000
29.6200 7351.0000
29.6400 7443.0000
29.6600 7406.0000
29.6800 7403.0000
29.7000 7323.0000
29.7200 7451.0000
29.7400 7309.0000
29.7600 7324.0000
29.7800 7308.0000
29.8000 7278.0000
29.8200 7404.0000
29.8400 7135.0000
29.8600 7337.0000
29.8800 7184.0000
29.9000 7279.0000
29.9200 7276.0000
29.9400 7129.0000
29.9600 7344.0000
29.9800 7227.0000
30.0000 7232.0000
30.0200 7278.0000
30.0400 7299.0000
30.0600 7437.0000
30.0800 7328.0000
30.1000 7421.0000
30.1200 7326.0000
30.1400 7224.0000
30.1600 7289.0000
30.1800 7502.0000
30.2000 7261.0000
30.2200 7349.0000
30.2400 7350.0000
30.2600 7285.0000
30.2800 7350.0000
30.3000 7174.0000
30.3200 7330.0000
30.3400 7191.0000
30.3600 7264.0000
30.3800 7257.0000
30.4000 7119.0000
30.4200 7423.0000
30.4400 7202.0000
30.4600 7275.0000
30.4800 7254.0000
30.5000 7142.0000
30.5200 7167.0000
30.5400 7203.0000
30.5600 7269.0000
30.5800 7219.0000
30.6000 7231.0000
30.6200 7201.0000
30.6400 7146.0000
30.6600 7211.0000
30.6800 7158.0000
30.7000 7041.0000
30.7200 7140.0000
30.7400 7160.0000
30.7600 7154.0000
30.7800 7171.0000
30.8000 7190.0000
30.8200 7170.0000
30.8400 7221.0000
30.8600 7164.0000
30.8800 7123.0000
30.9000 7239.0000
30.9200 7104.0000
30.9400 7104.0000
30.9600 7136.0000
30.9800 7110.0000
31.0000 7102.0000
31.0200 7041.0000
31.0400 7108.0000
31.0600 7130.0000
31.0800 7174.0000
31.1000 7132.0000
31.1200 7136.0000
31.1400 7204.0000
31.1600 7119.0000
31.1800 7111.0000
31.2000 7216.0000
31.2200 7219.0000
31.2400 7236.0000
31.2600 7090.0000
31.2800 6979.0000
31.3000 7131.0000
31.3200 7077.0000
31.3400 7142.0000
31.3600 7005.0000
31.3800 7186.0000
31.4000 7082.0000
31.4200 7116.0000
31.4400 7223.0000
31.4600 7073.0000
31.4800 7047.0000
31.5000 7184.0000
31.5200 7139.0000
31.5400 7082.0000
31.5600 7047.0000
31.5800 7109.0000
31.6000 7211.0000
31.6200 7174.0000
31.6400 7142.0000
31.6600 7160.0000
31.6800 7141.0000
31.7000 7111.0000
31.7200 7001.0000
31.7400 7205.0000
31.7600 7112.0000
31.7800 7149.0000
31.8000 7071.0000
31.8200 7084.0000
31.8400 7083.0000
31.8600 7111.0000
31.8800 7108.0000
31.9000 7198.0000
31.9200 7121.0000
31.9400 7079.0000
31.9600 7079.0000
31.9800 7084.0000
32.0000 6981.0000
32.0200 7195.0000
32.0400 7046.0000
32.0600 7144.0000
32.0800 7146.0000
32.1000 7074.0000
32.1200 7153.0000
32.1400 7108.0000
32.1600 7018.0000
32.1800 7038.0000
32.2000 7130.0000
32.2200 7264.0000
32.2400 7252.0000
32.2600 7287.0000
32.2800 7277.0000
32.3000 7340.0000
32.3200 7408.0000
32.3400 7190.0000
32.3600 7383.0000
32.3800 7224.0000
32.4000 7297.0000
32.4200 7392.0000
32.4400 7286.0000
32.4600 7172.0000
32.4800 7325.0000
32.5000 7191.0000
32.5200 7373.0000
32.5400 7285.0000
32.5600 7336.0000
32.5800 7232.0000
32.6000 7308.0000
32.6200 7252.0000
32.6400 7237.0000
32.6600 7347.0000
32.6800 7353.0000
32.7000 7162.0000
32.7200 7197.0000
32.7400 7240.0000
32.7600 7354.0000
32.7800 7113.0000
32.8000 7269.0000
32.8200 7253.0000
32.8400 7394.0000
32.8600 7225.0000
32.8800 7416.0000
32.9000 7403.0000
32.9200 7415.0000
32.9400 7358.0000
32.9600 7311.0000
32.9800 7421.0000
33.0000 7456.0000
33.0200 7526.0000
33.0400 7257.0000
33.0600 7446.0000
33.0800 7491.0000
33.1000 7333.0000
33.1200 7348.0000
33.1400 7479.0000
33.1600 7454.0000
33.1800 7473.0000
33.2000 7583.0000
33.2200 7753.0000
33.2400 7743.0000
33.2600 8050.0000
33.2800 8033.0000
33.3000 7996.0000
33.3200 8433.0000
33.3400 8833.0000
33.3600 9076.0000
33.3800 9291.0000
33.4000 9730.0000
33.4200 10556.0000
33.4400 11008.0000
33.4600 11952.0000
33.4800 13270.0000
33.5000 14921.0000
33.5200 16519.0000
33.5400 18512.0000
33.5600 20118.0000
33.5800 21047.0000
33.6000 21771.0000
33.6200 21651.0000
33.6400 20787.0000
33.6600 19824.0000
33.6800 18492.0000
33.7000 16807.0000
33.7200 15103.0000
33.7400 13904.0000
33.7600 12312.0000
33.7800 11407.0000
33.8000 10591.0000
33.8200 9746.0000
33.8400 9299.0000
33.8600 9000.0000
33.8800 8572.0000
33.9000 8292.0000
33.9200 8111.0000
33.9400 8100.0000
33.9600 7909.0000
33.9800 7665.0000
34.0000 7705.0000
34.0200 7739.0000
34.0400 7536.0000
34.0600 7471.0000
34.0800 7425.0000
34.1000 7438.0000
34.1200 7567.0000
34.1400 7523.0000
34.1600 7413.0000
34.1800 7482.0000
34.2000 7429.0000
34.2200 7374.0000
34.2400 7315.0000
34.2600 7324.0000
34.2800 7471.0000
34.3000 7221.0000
34.3200 7415.0000
34.3400 7333.0000
34.3600 7417.0000
34.3800 7280.0000
34.4000 7393.0000
34.4200 7275.0000
34.4400 7283.0000
34.4600 7401.0000
34.4800 7297.0000
34.5000 7496.0000
34.5200 7380.0000
34.5400 7337.0000
34.5600 7401.0000
34.5800 7269.0000
34.6000 7309.0000
34.6200 7385.0000
34.6400 7326.0000
34.6600 7274.0000
34.6800 7397.0000
34.7000 7363.0000
34.7200 7279.0000
34.7400 7394.0000
34.7600 7391.0000
34.7800 7417.0000
34.8000 7519.0000
34.8200 7536.0000
34.8400 7552.0000
34.8600 7608.0000
34.8800 7811.0000
34.9000 7695.0000
34.9200 8069.0000
34.9400 8088.0000
34.9600 8309.0000
34.9800 8578.0000
35.0000 9246.0000
35.0200 9919.0000
35.0400 10609.0000
35.0600 12071.0000
35.0800 14008.0000
35.1000 16072.0000
35.1200 18128.0000
35.1400 20644.0000
35.1600 21983.0000
35.1800 22048.0000
35.2000 21797.0000
35.2200 21166.0000
35.2400 20216.0000
35.2600 18616.0000
35.2800 16959.0000
35.3000 15157.0000
35.3200 13464.0000
35.3400 11991.0000
35.3600 11089.0000
35.3800 10156.0000
35.4000 9492.0000
35.4200 9094.0000
35.4400 8771.0000
35.4600 8499.0000
35.4800 8192.0000
35.5000 8092.0000
35.5200 7950.0000
35.5400 7738.0000
35.5600 7779.0000
35.5800 7674.0000
35.6000 7632.0000
35.6200 7475.0000
35.6400 7409.0000
35.6600 7563.0000
35.6800 7471.0000
35.7000 7561.0000
35.7200 7487.0000
35.7400 7361.0000
35.7600 7450.0000
35.7800 7432.0000
35.8000 7403.0000
35.8200 7444.0000
35.8400 7421.0000
35.8600 7501.0000
35.8800 7548.0000
35.9000 7534.0000
35.9200 7265.0000
35.9400 7333.0000
35.9600 7345.0000
35.9800 7451.0000
36.0000 7410.0000
36.0200 7481.0000
36.0400 7697.0000
36.0600 7583.0000
36.0800 7643.0000
36.1000 7675.0000
36.1200 7848.0000
36.1400 7683.0000
36.1600 7933.0000
36.1800 8038.0000
36.2000 8308.0000
36.2200 8444.0000
36.2400 8715.0000
36.2600 8894.0000
36.2800 9480.0000
36.3000 9840.0000
36.3200 10640.0000
36.3400 11581.0000
36.3600 12577.0000
36.3800 14359.0000
36.4000 16358.0000
36.4200 19136.0000
36.4400 22619.0000
36.4600 26982.0000
36.4800 31065.0000
36.5000 35082.0000
36.5200 37609.0000
36.5400 38722.0000
36.5600 37813.0000
36.5800 36003.0000
36.6000 33590.0000
36.6200 30694.0000
36.6400 27311.0000
36.6600 24052.0000
36.6800 20866.0000
36.7000 18056.0000
36.7200 15541.0000
36.7400 13684.0000
36.7600 12440.0000
36.7800 10997.0000
36.8000 10408.0000
36.8200 9615.0000
36.8400 9229.0000
36.8600 8837.0000
36.8800 8490.0000
36.9000 8394.0000
36.9200 8133.0000
36.9400 7973.0000
36.9600 7948.0000
36.9800 7775.0000
37.0000 7582.0000
37.0200 7607.0000
37.0400 7732.0000
37.0600 7548.0000
37.0800 7474.0000
37.1000 7548.0000
37.1200 7413.0000
37.1400 7538.0000
37.1600 7349.0000
37.1800 7303.0000
37.2000 7293.0000
37.2200 7316.0000
37.2400 7260.0000
37.2600 7239.0000
37.2800 7320.0000
37.3000 7218.0000
37.3200 7353.0000
37.3400 7175.0000
37.3600 7234.0000
37.3800 7222.0000
37.4000 7382.0000
37.4200 7426.0000
37.4400 7174.0000
37.4600 7303.0000
37.4800 7164.0000
37.5000 7146.0000
37.5200 6993.0000
37.5400 7131.0000
37.5600 7082.0000
37.5800 7157.0000
37.6000 7057.0000
37.6200 7194.0000
37.6400 7045.0000
37.6600 7010.0000
37.6800 6927.0000
37.7000 7053.0000
37.7200 7044.0000
37.7400 7084.0000
37.7600 6920.0000
37.7800 7059.0000
37.8000 6889.0000
37.8200 7033.0000
37.8400 6981.0000
37.8600 6942.0000
37.8800 7088.0000
37.9000 7143.0000
37.9200 7332.0000
37.9400 6970.0000
37.9600 6966.0000
37.9800 6963.0000
38.0000 7079.0000
38.0200 7022.0000
38.0400 6880.0000
38.0600 6928.0000
38.0800 6877.0000
38.1000 6901.0000
38.1200 7022.0000
38.1400 6935.0000
38.1600 6807.0000
38.1800 6901.0000
38.2000 6851.0000
38.2200 6926.0000
38.2400 6766.0000
38.2600 6892.0000
38.2800 6968.0000
38.3000 6965.0000
38.3200 6905.0000
38.3400 6901.0000
38.3600 6437.0000
38.3800 6834.0000
38.4000 6757.0000
38.4200 6755.0000
38.4400 6925.0000
38.4600 6967.0000
38.4800 6778.0000
38.5000 6750.0000
38.5200 6790.0000
38.5400 6716.0000
38.5600 6886.0000
38.5800 6676.0000
38.6000 6662.0000
38.6200 6839.0000
38.6400 6832.0000
38.6600 6647.0000
38.6800 6774.0000
38.7000 6807.0000
38.7200 6637.0000
38.7400 6758.0000
38.7600 6632.0000
38.7800 6683.0000
38.8000 6866.0000
38.8200 6818.0000
38.8400 6894.0000
38.8600 6686.0000
38.8800 6695.0000
38.9000 6810.0000
38.9200 6771.0000
38.9400 6758.0000
38.9600 6572.0000
38.9800 6770.0000
39.0000 6743.0000
39.0200 6802.0000
39.0400 6521.0000
39.0600 6761.0000
39.0800 6593.0000
39.1000 6744.0000
39.1200 6878.0000
39.1400 6881.0000
39.1600 6663.0000
39.1800 6861.0000
39.2000 6803.0000
39.2200 6608.0000
39.2400 6610.0000
39.2600 6654.0000
39.2800 6703.0000
39.3000 6709.0000
39.3200 6765.0000
39.3400 6686.0000
39.3600 6687.0000
39.3800 6744.0000
39.4000 6519.0000
39.4200 6769.0000
39.4400 6694.0000
39.4600 6732.0000
39.4800 6707.0000
39.5000 6796.0000
39.5200 6764.0000
39.5400 6604.0000
39.5600 6744.0000
39.5800 6781.0000
39.6000 6739.0000
39.6200 6796.0000
39.6400 6663.0000
39.6600 6718.0000
39.6800 6683.0000
39.7000 6769.0000
39.7200 6791.0000
39.7400 6673.0000
39.7600 6787.0000
39.7800 6709.0000
39.8000 6881.0000
39.8200 6744.0000
39.8400 6894.0000
39.8600 6900.0000
39.8800 6864.0000
39.9000 6800.0000
39.9200 6800.0000
39.9400 6843.0000
39.9600 6950.0000
39.9800 6888.0000
40.0000 6968.0000
40.0200 6956.0000
40.0400 7080.0000
40.0600 7106.0000
40.0800 7182.0000
40.1000 7295.0000
40.1200 7106.0000
40.1400 7212.0000
40.1600 7252.0000
40.1800 7335.0000
40.2000 7454.0000
40.2200 7453.0000
40.2400 7536.0000
40.2600 7477.0000
40.2800 7497.0000
40.3000 7166.0000
40.3200 7334.0000
40.3400 7503.0000
40.3600 7330.0000
40.3800 7315.0000
40.4000 7479.0000
40.4200 7524.0000
40.4400 7513.0000
40.4600 7474.0000
40.4800 7365.0000
40.5000 7531.0000
40.5200 7451.0000
40.5400 7585.0000
40.5600 7532.0000
40.5800 7557.0000
40.6000 7502.0000
40.6200 7681.0000
40.6400 7676.0000
40.6600 7635.0000
40.6800 7626.0000
40.7000 7616.0000
40.7200 7624.0000
40.7400 7822.0000
40.7600 7910.0000
40.7800 7845.0000
40.8000 7888.0000
40.8200 7834.0000
40.8400 8059.0000
40.8600 8161.0000
40.8800 8253.0000
40.9000 8278.0000
40.9200 8262.0000
40.9400 8417.0000
40.9600 8639.0000
40.9800 8814.0000
41.0000 8838.0000
41.0200 8877.0000
41.0400 9153.0000
41.0600 9302.0000
41.0800 9465.0000
41.1000 9789.0000
41.1200 9914.0000
41.1400 10308.0000
41.1600 10562.0000
41.1800 10826.0000
41.2000 11459.0000
41.2200 11918.0000
41.2400 12597.0000
41.2600 13114.0000
41.2800 14349.0000
41.3000 15559.0000
41.3200 16843.0000
41.3400 18509.0000
41.3600 20620.0000
41.3800 23328.0000
41.4000 26947.0000
41.4200 30957.0000
41.4400 36382.0000
41.4600 43053.0000
41.4800 51414.0000
41.5000 61176.0000
41.5200 72556.0000
41.5400 84324.0000
41.5600 95997.0000
41.5800 103116.0000
41.6000 106308.0000
41.6200 105796.0000
41.6400 101466.0000
41.6600 96100.0000
41.6800 89295.0000
41.7000 82098.0000
41.7200 72923.0000
41.7400 63541.0000
41.7600 54348.0000
41.7800 46332.0000
41.8000 39283.0000
41.8200 33199.0000
41.8400 28245.0000
41.8600 24261.0000
41.8800 21317.0000
41.9000 19071.0000
41.9200 17180.0000
41.9400 15498.0000
41.9600 14348.0000
41.9800 13096.0000
42.0000 12333.0000
42.0200 11726.0000
42.0400 11318.0000
42.0600 10777.0000
42.0800 10296.0000
42.1000 10015.0000
42.1200 9766.0000
42.1400 9444.0000
42.1600 9149.0000
42.1800 8944.0000
42.2000 8817.0000
42.2200 8594.0000
42.2400 8499.0000
42.2600 8446.0000
42.2800 8366.0000
42.3000 8124.0000
42.3200 7992.0000
42.3400 8018.0000
42.3600 8031.0000
42.3800 8029.0000
42.4000 7866.0000
42.4200 7634.0000
42.4400 7600.0000
42.4600 7825.0000
42.4800 7487.0000
42.5000 7579.0000
42.5200 7414.0000
42.5400 7476.0000
42.5600 7382.0000
42.5800 7401.0000
42.6000 7314.0000
42.6200 7404.0000
42.6400 7283.0000
42.6600 7347.0000
42.6800 7268.0000
42.7000 7325.0000
42.7200 7338.0000
42.7400 7218.0000
42.7600 7045.0000
42.7800 7074.0000
42.8000 7102.0000
42.8200 7008.0000
42.8400 7099.0000
42.8600 7170.0000
42.8800 7137.0000
42.9000 6998.0000
42.9200 7009.0000
42.9400 7035.0000
42.9600 7115.0000
42.9800 7163.0000
43.0000 7102.0000
43.0200 7042.0000
43.0400 6982.0000
43.0600 7018.0000
43.0800 6945.0000
43.1000 6942.0000
43.1200 6876.0000
43.1400 6979.0000
43.1600 6902.0000
43.1800 7011.0000
43.2000 6949.0000
43.2200 6955.0000
43.2400 6736.0000
43.2600 6902.0000
43.2800 6895.0000
43.3000 6836.0000
43.3200 6959.0000
43.3400 6821.0000
43.3600 6764.0000
43.3800 6939.0000
43.4000 6853.0000
43.4200 6685.0000
43.4400 6806.0000
43.4600 6773.0000
43.4800 6812.0000
43.5000 6941.0000
43.5200 6627.0000
43.5400 6686.0000
43.5600 6718.0000
43.5800 6540.0000
43.6000 6725.0000
43.6200 6772.0000
43.6400 6808.0000
43.6600 6804.0000
43.6800 6682.0000
43.7000 6640.0000
43.7200 6752.0000
43.7400 6613.0000
43.7600 6705.0000
43.7800 6722.0000
43.8000 6771.0000
43.8200 6682.0000
43.8400 6709.0000
43.8600 6619.0000
43.8800 6620.0000
43.9000 6728.0000
43.9200 6706.0000
43.9400 6691.0000
43.9600 6672.0000
43.9800 6690.0000
44.0000 6661.0000
44.0200 6627.0000
44.0400 6574.0000
44.0600 6629.0000
44.0800 6617.0000
44.1000 6666.0000
44.1200 6620.0000
44.1400 6557.0000
44.1600 6589.0000
44.1800 6675.0000
44.2000 6693.0000
44.2200 6711.0000
44.2400 6607.0000
44.2600 6647.0000
44.2800 6544.0000
44.3000 6595.0000
44.3200 6644.0000
44.3400 6677.0000
44.3600 6558.0000
44.3800 6636.0000
44.4000 6637.0000
44.4200 6521.0000
44.4400 6579.0000
44.4600 6609.0000
44.4800 6704.0000
44.5000 6498.0000
44.5200 6580.0000
44.5400 6630.0000
44.5600 6624.0000
44.5800 6646.0000
44.6000 6530.0000
44.6200 6583.0000
44.6400 6591.0000
44.6600 6620.0000
44.6800 6617.0000
44.7000 6641.0000
44.7200 6574.0000
44.7400 6709.0000
44.7600 6666.0000
44.7800 6508.0000
44.8000 6668.0000
44.8200 6723.0000
44.8400 6724.0000
44.8600 6682.0000
44.8800 6942.0000
44.9000 7045.0000
44.9200 7088.0000
44.9400 7106.0000
44.9600 7253.0000
44.9800 7359.0000
45.0000 7599.0000
45.0200 7794.0000
45.0400 8093.0000
45.0600 8180.0000
45.0800 8025.0000
45.1000 8145.0000
45.1200 8104.0000
45.1400 8159.0000
45.1600 7925.0000
45.1800 7734.0000
45.2000 7782.0000
45.2200 7740.0000
45.2400 7407.0000
45.2600 7250.0000
45.2800 7168.0000
45.3000 7152.0000
45.3200 6957.0000
45.3400 6911.0000
45.3600 6800.0000
45.3800 6791.0000
45.4000 6683.0000
45.4200 6764.0000
45.4400 6656.0000
45.4600 6735.0000
45.4800 6698.0000
45.5000 6607.0000
45.5200 6628.0000
45.5400 6611.0000
45.5600 6611.0000
45.5800 6536.0000
45.6000 6491.0000
45.6200 6564.0000
45.6400 6575.0000
45.6600 6478.0000
45.6800 6530.0000
45.7000 6332.0000
45.7200 6512.0000
45.7400 6466.0000
45.7600 6354.0000
45.7800 6490.0000
45.8000 6596.0000
45.8200 6456.0000
45.8400 6432.0000
45.8600 6493.0000
45.8800 6521.0000
45.9000 6291.0000
45.9200 6553.0000
45.9400 6334.0000
45.9600 6352.0000
45.9800 6287.0000
46.0000 6332.0000
46.0200 6452.0000
46.0400 6492.0000
46.0600 6381.0000
46.0800 6254.0000
46.1000 6318.0000
46.1200 6280.0000
46.1400 6326.0000
46.1600 6466.0000
46.1800 6467.0000
46.2000 6414.0000
46.2200 6285.0000
46.2400 6343.0000
46.2600 6394.0000
46.2800 6323.0000
46.3000 6313.0000
46.3200 6459.0000
46.3400 6367.0000
46.3600 6425.0000
46.3800 6349.0000
46.4000 6486.0000
46.4200 6451.0000
46.4400 6405.0000
46.4600 6431.0000
46.4800 6440.0000
46.5000 6299.0000
46.5200 6349.0000
46.5400 6425.0000
46.5600 6380.0000
46.5800 6390.0000
46.6000 6435.0000
46.6200 6465.0000
46.6400 6434.0000
46.6600 6339.0000
46.6800 6272.0000
46.7000 6301.0000
46.7200 6449.0000
46.7400 6360.0000
46.7600 6329.0000
46.7800 6375.0000
46.8000 6409.0000
46.8200 6380.0000
46.8400 6473.0000
46.8600 6363.0000
46.8800 6249.0000
46.9000 6346.0000
46.9200 6311.0000
46.9400 6187.0000
46.9600 6346.0000
46.9800 6408.0000
47.0000 6254.0000
47.0200 6353.0000
47.0400 6358.0000
47.0600 6357.0000
47.0800 6434.0000
47.1000 6332.0000
47.1200 6209.0000
47.1400 6288.0000
47.1600 6323.0000
47.1800 6265.0000
47.2000 6452.0000
47.2200 6383.0000
47.2400 6311.0000
47.2600 6301.0000
47.2800 6282.0000
47.3000 6361.0000
47.3200 6451.0000
47.3400 6277.0000
47.3600 6280.0000
47.3800 6326.0000
47.4000 6430.0000
47.4200 6300.0000
47.4400 6277.0000
47.4600 6493.0000
47.4800 6299.0000
47.5000 6316.0000
47.5200 6397.0000
47.5400 6370.0000
47.5600 6294.0000
47.5800 6447.0000
47.6000 6332.0000
47.6200 6474.0000
47.6400 6370.0000
47.6600 6357.0000
47.6800 6390.0000
47.7000 6306.0000
47.7200 6238.0000
47.7400 6280.0000
47.7600 6321.0000
47.7800 6308.0000
47.8000 6394.0000
47.8200 6271.0000
47.8400 6487.0000
47.8600 6393.0000
47.8800 6362.0000
47.9000 6133.0000
47.9200 6180.0000
47.9400 6411.0000
47.9600 6337.0000
47.9800 6425.0000
48.0000 6346.0000
48.0200 6416.0000
48.0400 6251.0000
48.0600 6430.0000
48.0800 6344.0000
48.1000 6535.0000
48.1200 6376.0000
48.1400 6336.0000
48.1600 6450.0000
48.1800 6313.0000
48.2000 6559.0000
48.2200 6411.0000
48.2400 6338.0000
48.2600 6450.0000
48.2800 6424.0000
48.3000 6330.0000
48.3200 6313.0000
48.3400 6340.0000
48.3600 6304.0000
48.3800 6394.0000
48.4000 6435.0000
48.4200 6325.0000
48.4400 6367.0000
48.4600 6327.0000
48.4800 6172.0000
48.5000 6270.0000
48.5200 6468.0000
48.5400 6364.0000
48.5600 6338.0000
48.5800 6293.0000
48.6000 6245.0000
48.6200 6421.0000
48.6400 6285.0000
48.6600 6378.0000
48.6800 6186.0000
48.7000 6257.0000
48.7200 6162.0000
48.7400 6208.0000
48.7600 6251.0000
48.7800 6225.0000
48.8000 6336.0000
48.8200 6317.0000
48.8400 6225.0000
48.8600 6199.0000
48.8800 6187.0000
48.9000 6259.0000
48.9200 6326.0000
48.9400 6296.0000
48.9600 6224.0000
48.9800 6126.0000
49.0000 6259.0000
49.0200 6356.0000
49.0400 6230.0000
49.0600 6277.0000
49.0800 6288.0000
49.1000 6241.0000
49.1200 6280.0000
49.1400 6304.0000
49.1600 6313.0000
49.1800 6222.0000
49.2000 6295.0000
49.2200 6281.0000
49.2400 6316.0000
49.2600 6206.0000
49.2800 6292.0000
49.3000 6118.0000
49.3200 6154.0000
49.3400 6294.0000
49.3600 6163.0000
49.3800 6310.0000
49.4000 6264.0000
49.4200 6160.0000
49.4400 6092.0000
49.4600 6177.0000
49.4800 6176.0000
49.5000 6284.0000
49.5200 6203.0000
49.5400 6176.0000
49.5600 6276.0000
49.5800 6345.0000
49.6000 6288.0000
49.6200 6187.0000
49.6400 6380.0000
49.6600 6074.0000
49.6800 6232.0000
49.7000 6336.0000
49.7200 6323.0000
49.7400 6363.0000
49.7600 6113.0000
49.7800 6205.0000
49.8000 6304.0000
49.8200 6318.0000
49.8400 6145.0000
49.8600 6219.0000
49.8800 6130.0000
49.9000 6314.0000
49.9200 6267.0000
49.9400 6326.0000
49.9600 6241.0000
49.9800 6106.0000
50.0000 6279.0000
50.0200 6256.0000
50.0400 6265.0000
50.0600 6177.0000
50.0800 6351.0000
50.1000 6336.0000
50.1200 6318.0000
50.1400 6287.0000
50.1600 6267.0000
50.1800 6213.0000
50.2000 6189.0000
50.2200 6199.0000
50.2400 6275.0000
50.2600 6228.0000
50.2800 6066.0000
50.3000 6236.0000
50.3200 6277.0000
50.3400 6063.0000
50.3600 6317.0000
50.3800 6229.0000
50.4000 6206.0000
50.4200 6187.0000
50.4400 6214.0000
50.4600 6259.0000
50.4800 6149.0000
50.5000 6271.0000
50.5200 6233.0000
50.5400 6202.0000
50.5600 6217.0000
50.5800 6213.0000
50.6000 6265.0000
50.6200 6326.0000
50.6400 6302.0000
50.6600 6056.0000
50.6800 6345.0000
50.7000 6266.0000
50.7200 6259.0000
50.7400 6218.0000
50.7600 6327.0000
50.7800 6371.0000
50.8000 6239.0000
50.8200 6149.0000
50.8400 6306.0000
50.8600 6263.0000
50.8800 6300.0000
50.9000 6180.0000
50.9200 6226.0000
50.9400 6253.0000
50.9600 6215.0000
50.9800 6205.0000
51.0000 6294.0000
51.0200 6244.0000
51.0400 6267.0000
51.0600 6326.0000
51.0800 6275.0000
51.1000 6247.0000
51.1200 6269.0000
51.1400 6107.0000
51.1600 6361.0000
51.1800 6401.0000
51.2000 6284.0000
51.2200 6199.0000
51.2400 6202.0000
51.2600 6364.0000
51.2800 6320.0000
51.3000 6331.0000
51.3200 6370.0000
51.3400 6424.0000
51.3600 6431.0000
51.3800 6289.0000
51.4000 6377.0000
51.4200 6360.0000
51.4400 6385.0000
51.4600 6205.0000
51.4800 6447.0000
51.5000 6235.0000
51.5200 6329.0000
51.5400 6368.0000
51.5600 6339.0000
51.5800 6339.0000
51.6000 6154.0000
51.6200 6245.0000
51.6400 6486.0000
51.6600 6222.0000
51.6800 6308.0000
51.7000 6265.0000
51.7200 6258.0000
51.7400 6317.0000
51.7600 6278.0000
51.7800 6253.0000
51.8000 6358.0000
51.8200 6213.0000
51.8400 6289.0000
51.8600 6214.0000
51.8800 6341.0000
51.9000 6255.0000
51.9200 6355.0000
51.9400 6273.0000
51.9600 6123.0000
51.9800 6285.0000
52.0000 6324.0000
52.0200 6345.0000
52.0400 6387.0000
52.0600 6297.0000
52.0800 6286.0000
52.1000 6145.0000
52.1200 6351.0000
52.1400 6259.0000
52.1600 6360.0000
52.1800 6359.0000
52.2000 6459.0000
52.2200 6174.0000
52.2400 6285.0000
52.2600 6315.0000
52.2800 6394.0000
52.3000 6371.0000
52.3200 6445.0000
52.3400 6467.0000
52.3600 6338.0000
52.3800 6214.0000
52.4000 6266.0000
52.4200 6258.0000
52.4400 6390.0000
52.4600 6458.0000
52.4800 6423.0000
52.5000 6255.0000
52.5200 6463.0000
52.5400 6288.0000
52.5600 6397.0000
52.5800 6356.0000
52.6000 6292.0000
52.6200 6386.0000
52.6400 6353.0000
52.6600 6394.0000
52.6800 6209.0000
52.7000 6325.0000
52.7200 6383.0000
52.7400 6437.0000
52.7600 6431.0000
52.7800 6480.0000
52.8000 6374.0000
52.8200 6455.0000
52.8400 6466.0000
52.8600 6425.0000
52.8800 6485.0000
52.9000 6432.0000
52.9200 6301.0000
52.9400 6364.0000
52.9600 6619.0000
52.9800 6597.0000
53.0000 6589.0000
53.0200 6559.0000
53.0400 6764.0000
53.0600 6707.0000
53.0800 6802.0000
53.1000 6942.0000
53.1200 6901.0000
53.1400 7018.0000
53.1600 7004.0000
53.1800 7144.0000
53.2000 7393.0000
53.2200 7504.0000
53.2400 7578.0000
53.2600 7834.0000
53.2800 8115.0000
53.3000 8255.0000
53.3200 8848.0000
53.3400 9203.0000
53.3600 9439.0000
53.3800 10041.0000
53.4000 10645.0000
53.4200 11422.0000
53.4400 12414.0000
53.4600 12764.0000
53.4800 13274.0000
53.5000 13751.0000
53.5200 13818.0000
53.5400 13718.0000
53.5600 13344.0000
53.5800 12977.0000
53.6000 12627.0000
53.6200 12322.0000
53.6400 12018.0000
53.6600 11450.0000
53.6800 10995.0000
53.7000 10395.0000
53.7200 9908.0000
53.7400 9334.0000
53.7600 9020.0000
53.7800 8651.0000
53.8000 8218.0000
53.8200 7985.0000
53.8400 7949.0000
53.8600 7576.0000
53.8800 7354.0000
53.9000 7271.0000
53.9200 7168.0000
53.9400 7015.0000
53.9600 6831.0000
53.9800 6885.0000
54.0000 6719.0000
54.0200 6799.0000
54.0400 6739.0000
54.0600 6657.0000
54.0800 6546.0000
54.1000 6706.0000
54.1200 6339.0000
54.1400 6389.0000
54.1600 6406.0000
54.1800 6469.0000
54.2000 6410.0000
54.2200 6371.0000
54.2400 6428.0000
54.2600 6396.0000
54.2800 6424.0000
54.3000 6417.0000
54.3200 6322.0000
54.3400 6304.0000
54.3600 6254.0000
54.3800 6345.0000
54.4000 6355.0000
54.4200 6318.0000
54.4400 6334.0000
54.4600 6271.0000
54.4800 6257.0000
54.5000 6478.0000
54.5200 6325.0000
54.5400 6388.0000
54.5600 6162.0000
54.5800 6302.0000
54.6000 6216.0000
54.6200 6330.0000
54.6400 6242.0000
54.6600 6284.0000
54.6800 6269.0000
54.7000 6317.0000
54.7200 6299.0000
54.7400 6268.0000
54.7600 6174.0000
54.7800 6320.0000
54.8000 6132.0000
54.8200 6158.0000
54.8400 6246.0000
54.8600 6182.0000
54.8800 6257.0000
54.9000 6268.0000
54.9200 6147.0000
54.9400 6242.0000
54.9600 6337.0000
54.9800 6278.0000
55.0000 6300.0000
55.0200 6378.0000
55.0400 6205.0000
55.0600 6398.0000
55.0800 6332.0000
55.1000 6262.0000
55.1200 6331.0000
55.1400 6237.0000
55.1600 6302.0000
55.1800 6320.0000
55.2000 6362.0000
55.2200 6230.0000
55.2400 6158.0000
55.2600 6300.0000
55.2800 6464.0000
55.3000 6242.0000
55.3200 6281.0000
55.3400 6353.0000
55.3600 6333.0000
55.3800 6317.0000
55.4000 6191.0000
55.4200 6214.0000
55.4400 6239.0000
55.4600 6310.0000
55.4800 6145.0000
55.5000 6173.0000
55.5200 6210.0000
55.5400 6210.0000
55.5600 6163.0000
55.5800 6213.0000
55.6000 6264.0000
55.6200 6109.0000
55.6400 6100.0000
55.6600 6152.0000
55.6800 6336.0000
55.7000 6249.0000
55.7200 6214.0000
55.7400 6211.0000
55.7600 6184.0000
55.7800 6205.0000
55.8000 6221.0000
55.8200 6252.0000
55.8400 6263.0000
55.8600 6341.0000
55.8800 6412.0000
55.9000 6335.0000
55.9200 6315.0000
55.9400 6383.0000
55.9600 6290.0000
55.9800 6335.0000
56.0000 6182.0000
56.0200 6208.0000
56.0400 6316.0000
56.0600 6184.0000
56.0800 6278.0000
56.1000 6264.0000
56.1200 6234.0000
56.1400 6207.0000
56.1600 6339.0000
56.1800 6328.0000
56.2000 6341.0000
56.2200 6355.0000
56.2400 6266.0000
56.2600 6427.0000
56.2800 6252.0000
56.3000 6279.0000
56.3200 6247.0000
56.3400 6351.0000
56.3600 6426.0000
56.3800 6189.0000
56.4000 6284.0000
56.4200 6344.0000
56.4400 6479.0000
56.4600 6327.0000
56.4800 6280.0000
56.5000 6340.0000
56.5200 6382.0000
56.5400 6404.0000
56.5600 6437.0000
56.5800 6475.0000
56.6000 6226.0000
56.6200 6333.0000
56.6400 6367.0000
56.6600 6413.0000
56.6800 6462.0000
56.7000 6330.0000
56.7200 6423.0000
56.7400 6364.0000
56.7600 6483.0000
56.7800 6368.0000
56.8000 6278.0000
56.8200 6400.0000
56.8400 6401.0000
56.8600 6331.0000
56.8800 6419.0000
56.9000 6440.0000
56.9200 6379.0000
56.9400 6453.0000
56.9600 6484.0000
56.9800 6313.0000
57.0000 6366.0000
57.0200 6501.0000
57.0400 6500.0000
57.0600 6414.0000
57.0800 6428.0000
57.1000 6407.0000
57.1200 6373.0000
57.1400 6364.0000
57.1600 6417.0000
57.1800 6470.0000
57.2000 6438.0000
57.2200 6402.0000
57.2400 6486.0000
57.2600 6462.0000
57.2800 6404.0000
57.3000 6413.0000
57.3200 6530.0000
57.3400 6402.0000
57.3600 6570.0000
57.3800 6497.0000
57.4000 6457.0000
57.4200 6398.0000
57.4400 6718.0000
57.4600 6574.0000
57.4800 6603.0000
57.5000 6556.0000
57.5200 6592.0000
57.5400 6700.0000
57.5600 6681.0000
57.5800 6591.0000
57.6000 6671.0000
57.6200 6928.0000
57.6400 6795.0000
57.6600 6880.0000
57.6800 6828.0000
57.7000 6935.0000
57.7200 6990.0000
57.7400 7041.0000
57.7600 7071.0000
57.7800 7237.0000
57.8000 7284.0000
57.8200 7120.0000
57.8400 7451.0000
57.8600 7495.0000
57.8800 7846.0000
57.9000 7856.0000
57.9200 7984.0000
57.9400 8243.0000
57.9600 8496.0000
57.9800 8633.0000
58.0000 8996.0000
58.0200 9393.0000
58.0400 9606.0000
58.0600 10138.0000
58.0800 10501.0000
58.1000 11180.0000
58.1200 12020.0000
58.1400 12904.0000
58.1600 13844.0000
58.1800 14944.0000
58.2000 16409.0000
58.2200 17727.0000
58.2400 19014.0000
58.2600 20464.0000
58.2800 21675.0000
58.3000 22913.0000
58.3200 22871.0000
58.3400 22986.0000
58.3600 22816.0000
58.3800 22281.0000
58.4000 21725.0000
58.4200 20920.0000
58.4400 20332.0000
58.4600 19453.0000
58.4800 18512.0000
58.5000 17611.0000
58.5200 16464.0000
58.5400 15456.0000
58.5600 14385.0000
58.5800 13580.0000
58.6000 12573.0000
58.6200 11755.0000
58.6400 11146.0000
58.6600 10315.0000
58.6800 9792.0000
58.7000 9361.0000
58.7200 9107.0000
58.7400 8636.0000
58.7600 8482.0000
58.7800 8094.0000
58.8000 8083.0000
58.8200 7974.0000
58.8400 7712.0000
58.8600 7526.0000
58.8800 7433.0000
58.9000 7212.0000
58.9200 7139.0000
58.9400 7098.0000
58.9600 6906.0000
58.9800 6917.0000
59.0000 6880.0000
59.0200 6681.0000
59.0400 6728.0000
59.0600 6780.0000
59.0800 6746.0000
59.1000 6711.0000
59.1200 6425.0000
59.1400 6558.0000
59.1600 6473.0000
59.1800 6548.0000
59.2000 6419.0000
59.2200 6507.0000
59.2400 6507.0000
59.2600 6406.0000
59.2800 6356.0000
59.3000 6497.0000
59.3200 6429.0000
59.3400 6629.0000
59.3600 6500.0000
59.3800 6422.0000
59.4000 6240.0000
59.4200 6409.0000
59.4400 6313.0000
59.4600 6408.0000
59.4800 6286.0000
59.5000 6298.0000
59.5200 6322.0000
59.5400 6372.0000
59.5600 6396.0000
59.5800 6306.0000
59.6000 6325.0000
59.6200 6249.0000
59.6400 6381.0000
59.6600 6355.0000
59.6800 6320.0000
59.7000 6323.0000
59.7200 6325.0000
59.7400 6166.0000
59.7600 6459.0000
59.7800 6196.0000
59.8000 6254.0000
59.8200 6262.0000
59.8400 6371.0000
59.8600 6428.0000
59.8800 6350.0000
59.9000 6393.0000
59.9200 6274.0000
59.9400 6394.0000
59.9600 6307.0000
59.9800 6408.0000
60.0000 6333.0000
60.0200 6311.0000
60.0400 6418.0000
60.0600 6353.0000
60.0800 6316.0000
60.1000 6384.0000
60.1200 6450.0000
60.1400 6304.0000
60.1600 6358.0000
60.1800 6387.0000
60.2000 6280.0000
60.2200 6353.0000
60.2400 6241.0000
60.2600 6349.0000
60.2800 6345.0000
60.3000 6308.0000
60.3200 6346.0000
60.3400 6165.0000
60.3600 6324.0000
60.3800 6419.0000
60.4000 6396.0000
60.4200 6268.0000
60.4400 6281.0000
60.4600 6241.0000
60.4800 6195.0000
60.5000 6193.0000
60.5200 6151.0000
60.5400 6436.0000
60.5600 6327.0000
60.5800 6196.0000
60.6000 6264.0000
60.6200 6240.0000
60.6400 6246.0000
60.6600 6257.0000
60.6800 6333.0000
60.7000 6234.0000
60.7200 6242.0000
60.7400 6209.0000
60.7600 6255.0000
60.7800 6449.0000
60.8000 6274.0000
60.8200 6266.0000
60.8400 6339.0000
60.8600 6296.0000
60.8800 6326.0000
60.9000 6348.0000
60.9200 6339.0000
60.9400 6266.0000
60.9600 6203.0000
60.9800 6450.0000
61.0000 6292.0000
61.0200 6268.0000
61.0400 6202.0000
61.0600 6353.0000
61.0800 6313.0000
61.1000 6420.0000
61.1200 6391.0000
61.1400 6294.0000
61.1600 6422.0000
61.1800 6318.0000
61.2000 6147.0000
61.2200 6426.0000
61.2400 6393.0000
61.2600 6448.0000
61.2800 6423.0000
61.3000 6412.0000
61.3200 6529.0000
61.3400 6465.0000
61.3600 6492.0000
61.3800 6408.0000
61.4000 6512.0000
61.4200 6322.0000
61.4400 6358.0000
61.4600 6463.0000
61.4800 6432.0000
61.5000 6490.0000
61.5200 6461.0000
61.5400 6602.0000
61.5600 6499.0000
61.5800 6700.0000
61.6000 6602.0000
61.6200 6707.0000
61.6400 6566.0000
61.6600 6665.0000
61.6800 6796.0000
61.7000 6814.0000
61.7200 6877.0000
61.7400 7070.0000
61.7600 6940.0000
61.7800 7231.0000
61.8000 7353.0000
61.8200 7446.0000
61.8400 7714.0000
61.8600 8118.0000
61.8800 8000.0000
61.9000 8320.0000
61.9200 8728.0000
61.9400 8999.0000
61.9600 9788.0000
61.9800 10181.0000
62.0000 11153.0000
62.0200 12104.0000
62.0400 13238.0000
62.0600 14583.0000
62.0800 15923.0000
62.1000 17810.0000
62.1200 19540.0000
62.1400 21337.0000
62.1600 23182.0000
62.1800 23883.0000
62.2000 24516.0000
62.2200 24542.0000
62.2400 24275.0000
62.2600 23312.0000
62.2800 23152.0000
62.3000 22616.0000
62.3200 22051.0000
62.3400 21340.0000
62.3600 20431.0000
62.3800 19438.0000
62.4000 18007.0000
62.4200 17011.0000
62.4400 15728.0000
62.4600 14569.0000
62.4800 13441.0000
62.5000 12441.0000
62.5200 11426.0000
62.5400 10809.0000
62.5600 10185.0000
62.5800 9584.0000
62.6000 9027.0000
62.6200 8770.0000
62.6400 8419.0000
62.6600 8142.0000
62.6800 7927.0000
62.7000 7632.0000
62.7200 7339.0000
62.7400 7314.0000
62.7600 7238.0000
62.7800 7215.0000
62.8000 7041.0000
62.8200 6862.0000
62.8400 7025.0000
62.8600 6689.0000
62.8800 6793.0000
62.9000 6651.0000
62.9200 6697.0000
62.9400 6535.0000
62.9600 6633.0000
62.9800 6466.0000
63.0000 6579.0000
63.0200 6525.0000
63.0400 6375.0000
63.0600 6441.0000
63.0800 6576.0000
63.1000 6535.0000
63.1200 6343.0000
63.1400 6407.0000
63.1600 6369.0000
63.1800 6364.0000
63.2000 6304.0000
63.2200 6279.0000
63.2400 6337.0000
63.2600 6344.0000
63.2800 6270.0000
63.3000 6323.0000
63.3200 6183.0000
63.3400 6201.0000
63.3600 6139.0000
63.3800 6333.0000
63.4000 6314.0000
63.4200 6251.0000
63.4400 6165.0000
63.4600 6370.0000
63.4800 6232.0000
63.5000 6278.0000
63.5200 6355.0000
63.5400 6407.0000
63.5600 6222.0000
63.5800 6311.0000
63.6000 6234.0000
63.6200 6216.0000
63.6400 6286.0000
63.6600 6452.0000
63.6800 6203.0000
63.7000 6099.0000
63.7200 6344.0000
63.7400 6150.0000
63.7600 6281.0000
63.7800 6266.0000
63.8000 6111.0000
63.8200 6134.0000
63.8400 6254.0000
63.8600 6152.0000
63.8800 6140.0000
63.9000 6256.0000
63.9200 6228.0000
63.9400 6169.0000
63.9600 6238.0000
63.9800 6242.0000
64.0000 6175.0000
64.0200 6161.0000
64.0400 6185.0000
64.0600 6205.0000
64.0800 6186.0000
64.1000 6313.0000
64.1200 6157.0000
64.1400 6191.0000
64.1600 6288.0000
64.1800 6189.0000
64.2000 6064.0000
64.2200 6310.0000
64.2400 6373.0000
64.2600 6259.0000
64.2800 6303.0000
64.3000 6273.0000
64.3200 6217.0000
64.3400 6247.0000
64.3600 6421.0000
64.3800 6597.0000
64.4000 6253.0000
64.4200 6307.0000
64.4400 6466.0000
64.4600 6424.0000
64.4800 6530.0000
64.5000 6710.0000
64.5200 6681.0000
64.5400 6650.0000
64.5600 6835.0000
64.5800 6964.0000
64.6000 7051.0000
64.6200 7053.0000
64.6400 7170.0000
64.6600 7464.0000
64.6800 7665.0000
64.7000 8055.0000
64.7200 8328.0000
64.7400 8310.0000
64.7600 8983.0000
64.7800 9315.0000
64.8000 9805.0000
64.8200 10179.0000
64.8400 10487.0000
64.8600 10615.0000
64.8800 10698.0000
64.9000 10810.0000
64.9200 10480.0000
64.9400 10373.0000
64.9600 10294.0000
64.9800 10295.0000
65.0000 10148.0000
65.0200 9912.0000
65.0400 9490.0000
65.0600 9482.0000
65.0800 9121.0000
65.1000 8872.0000
65.1200 8568.0000
65.1400 8356.0000
65.1600 8121.0000
65.1800 7834.0000
65.2000 7572.0000
65.2200 7401.0000
65.2400 7097.0000
65.2600 7129.0000
65.2800 7109.0000
65.3000 6808.0000
65.3200 6701.0000
65.3400 6814.0000
65.3600 6639.0000
65.3800 6559.0000
65.4000 6464.0000
65.4200 6501.0000
65.4400 6395.0000
65.4600 6406.0000
65.4800 6373.0000
65.5000 6326.0000
65.5200 6367.0000
65.5400 6131.0000
65.5600 6272.0000
65.5800 6383.0000
65.6000 6139.0000
65.6200 6126.0000
65.6400 6166.0000
65.6600 6196.0000
65.6800 6243.0000
65.7000 6094.0000
65.7200 6125.0000
65.7400 6199.0000
65.7600 6057.0000
65.7800 5994.0000
65.8000 6043.0000
65.8200 6135.0000
65.8400 6141.0000
65.8600 6069.0000
65.8800 6133.0000
65.9000 6228.0000
65.9200 6182.0000
65.9400 6129.0000
65.9600 5980.0000
65.9800 6112.0000
66.0000 6162.0000
66.0200 5955.0000
66.0400 6040.0000
66.0600 6086.0000
66.0800 6162.0000
66.1000 6124.0000
66.1200 6131.0000
66.1400 6082.0000
66.1600 5991.0000
66.1800 6081.0000
66.2000 6205.0000
66.2200 6130.0000
66.2400 6130.0000
66.2600 6185.0000
66.2800 6174.0000
66.3000 6133.0000
66.3200 6053.0000
66.3400 6110.0000
66.3600 6007.0000
66.3800 6009.0000
66.4000 6132.0000
66.4200 6152.0000
66.4400 6303.0000
66.4600 6105.0000
66.4800 6086.0000
66.5000 5909.0000
66.5200 6192.0000
66.5400 6073.0000
66.5600 6094.0000
66.5800 6114.0000
66.6000 6171.0000
66.6200 6044.0000
66.6400 6108.0000
66.6600 6158.0000
66.6800 6050.0000
66.7000 6138.0000
66.7200 6063.0000
66.7400 6074.0000
66.7600 6017.0000
66.7800 6106.0000
66.8000 6082.0000
66.8200 6150.0000
66.8400 6059.0000
66.8600 6062.0000
66.8800 6031.0000
66.9000 6134.0000
66.9200 5949.0000
66.9400 5882.0000
66.9600 6109.0000
66.9800 6086.0000
67.0000 6117.0000
67.0200 5865.0000
67.0400 6138.0000
67.0600 6114.0000
67.0800 6028.0000
67.1000 5974.0000
67.1200 6036.0000
67.1400 6000.0000
67.1600 6081.0000
67.1800 6099.0000
67.2000 5996.0000
67.2200 6174.0000
67.2400 6043.0000
67.2600 6027.0000
67.2800 6098.0000
67.3000 6111.0000
67.3200 6112.0000
67.3400 6040.0000
67.3600 6099.0000
67.3800 6087.0000
67.4000 5935.0000
67.4200 6132.0000
67.4400 6118.0000
67.4600 6143.0000
67.4800 6128.0000
67.5000 6211.0000
67.5200 6156.0000
67.5400 6041.0000
67.5600 6143.0000
67.5800 6060.0000
67.6000 5979.0000
67.6200 6092.0000
67.6400 6042.0000
67.6600 5888.0000
67.6800 6092.0000
67.7000 6111.0000
67.7200 6069.0000
67.7400 6004.0000
67.7600 6120.0000
67.7800 6044.0000
67.8000 6063.0000
67.8200 6126.0000
67.8400 6208.0000
67.8600 6015.0000
67.8800 6126.0000
67.9000 6282.0000
67.9200 5959.0000
67.9400 6117.0000
67.9600 6183.0000
67.9800 6035.0000
68.0000 6142.0000
68.0200 6022.0000
68.0400 6099.0000
68.0600 6121.0000
68.0800 6201.0000
68.1000 6029.0000
68.1200 6068.0000
68.1400 6122.0000
68.1600 6028.0000
68.1800 6200.0000
68.2000 6160.0000
68.2200 6240.0000
68.2400 6186.0000
68.2600 6207.0000
68.2800 6126.0000
68.3000 6210.0000
68.3200 6180.0000
68.3400 6169.0000
68.3600 6366.0000
68.3800 6240.0000
68.4000 6224.0000
68.4200 6234.0000
68.4400 6288.0000
68.4600 6350.0000
68.4800 6159.0000
68.5000 6443.0000
68.5200 6358.0000
68.5400 6374.0000
68.5600 6497.0000
68.5800 6423.0000
68.6000 6648.0000
68.6200 6488.0000
68.6400 6554.0000
68.6600 6617.0000
68.6800 6740.0000
68.7000 6954.0000
68.7200 6819.0000
68.7400 6930.0000
68.7600 6957.0000
68.7800 7364.0000
68.8000 7528.0000
68.8200 7622.0000
68.8400 7938.0000
68.8600 8053.0000
68.8800 8354.0000
68.9000 8631.0000
68.9200 8760.0000
68.9400 9130.0000
68.9600 9345.0000
68.9800 9562.0000
69.0000 9607.0000
69.0200 9770.0000
69.0400 9806.0000
69.0600 9706.0000
69.0800 9641.0000
69.1000 9572.0000
69.1200 9330.0000
69.1400 9243.0000
69.1600 9228.0000
69.1800 8958.0000
69.2000 8904.0000
69.2200 8874.0000
69.2400 8561.0000
69.2600 8408.0000
69.2800 8102.0000
69.3000 7753.0000
69.3200 7780.0000
69.3400 7460.0000
69.3600 7315.0000
69.3800 7334.0000
69.4000 7025.0000
69.4200 7002.0000
69.4400 6858.0000
69.4600 6809.0000
69.4800 6869.0000
69.5000 6628.0000
69.5200 6486.0000
69.5400 6530.0000
69.5600 6432.0000
69.5800 6468.0000
69.6000 6427.0000
69.6200 6539.0000
69.6400 6345.0000
69.6600 6450.0000
69.6800 6319.0000
69.7000 6386.0000
69.7200 6327.0000
69.7400 6396.0000
69.7600 6359.0000
69.7800 6322.0000
69.8000 6290.0000
69.8200 6229.0000
69.8400 6243.0000
69.8600 6192.0000
69.8800 6169.0000
69.9000 6225.0000
69.9200 6146.0000
69.9400 6374.0000
69.9600 6237.0000
69.9800 6252.0000
70.0000 6189.0000
70.0200 6106.0000
70.0400 6253.0000
70.0600 6051.0000
70.0800 6235.0000
70.1000 6239.0000
70.1200 6289.0000
70.1400 6293.0000
70.1600 6371.0000
70.1800 6348.0000
70.2000 6399.0000
70.2200 6376.0000
70.2400 6438.0000
70.2600 6604.0000
70.2800 6334.0000
70.3000 6447.0000
70.3200 6565.0000
70.3400 6666.0000
70.3600 6673.0000
70.3800 6652.0000
70.4000 6749.0000
70.4200 6854.0000
70.4400 6929.0000
70.4600 6908.0000
70.4800 7282.0000
70.5000 7307.0000
70.5200 7451.0000
70.5400 7628.0000
70.5600 7531.0000
70.5800 7790.0000
70.6000 7777.0000
70.6200 8026.0000
70.6400 7828.0000
70.6600 7778.0000
70.6800 7911.0000
70.7000 7869.0000
70.7200 7711.0000
70.7400 7526.0000
70.7600 7408.0000
70.7800 7465.0000
70.8000 7273.0000
70.8200 7355.0000
70.8400 7340.0000
70.8600 7166.0000
70.8800 7028.0000
70.9000 6907.0000
70.9200 6771.0000
70.9400 6697.0000
70.9600 6681.0000
70.9800 6571.0000
71.0000 6433.0000
71.0200 6602.0000
71.0400 6495.0000
71.0600 6446.0000
71.0800 6183.0000
71.1000 6379.0000
71.1200 6203.0000
71.1400 6324.0000
71.1600 6377.0000
71.1800 6156.0000
71.2000 6222.0000
71.2200 6245.0000
71.2400 6199.0000
71.2600 6243.0000
71.2800 6132.0000
71.3000 6235.0000
71.3200 6049.0000
71.3400 6119.0000
71.3600 6214.0000
71.3800 6175.0000
71.4000 6085.0000
71.4200 6107.0000
71.4400 6130.0000
71.4600 6113.0000
71.4800 6000.0000
71.5000 6305.0000
71.5200 6176.0000
71.5400 6220.0000
71.5600 6118.0000
71.5800 6085.0000
71.6000 6222.0000
71.6200 6166.0000
71.6400 6157.0000
71.6600 6110.0000
71.6800 6078.0000
71.7000 6174.0000
71.7200 6039.0000
71.7400 6003.0000
71.7600 6110.0000
71.7800 6094.0000
71.8000 6256.0000
71.8200 6192.0000
71.8400 6197.0000
71.8600 6298.0000
71.8800 6119.0000
71.9000 6195.0000
71.9200 6264.0000
71.9400 6272.0000
71.9600 6368.0000
71.9800 6378.0000
72.0000 6402.0000
72.0200 6374.0000
72.0400 6341.0000
72.0600 6331.0000
72.0800 6412.0000
72.1000 6455.0000
72.1200 6493.0000
72.1400 6521.0000
72.1600 6548.0000
72.1800 6637.0000
72.2000 6788.0000
72.2200 6892.0000
72.2400 6830.0000
72.2600 7037.0000
72.2800 7182.0000
72.3000 7211.0000
72.3200 7252.0000
72.3400 7454.0000
72.3600 7687.0000
72.3800 8054.0000
72.4000 8108.0000
72.4200 8387.0000
72.4400 8798.0000
72.4600 9215.0000
72.4800 9630.0000
72.5000 9814.0000
72.5200 10326.0000
72.5400 10304.0000
72.5600 10599.0000
72.5800 10862.0000
72.6000 10974.0000
72.6200 11047.0000
72.6400 11006.0000
72.6600 10818.0000
72.6800 10672.0000
72.7000 10425.0000
72.7200 10242.0000
72.7400 10091.0000
72.7600 9972.0000
72.7800 9722.0000
72.8000 9499.0000
72.8200 9364.0000
72.8400 9081.0000
72.8600 8812.0000
72.8800 8584.0000
72.9000 8381.0000
72.9200 8049.0000
72.9400 7890.0000
72.9600 7564.0000
72.9800 7457.0000
73.0000 7356.0000
73.0200 7357.0000
73.0400 7250.0000
73.0600 7026.0000
73.0800 6978.0000
73.1000 6845.0000
73.1200 6804.0000
73.1400 6717.0000
73.1600 6847.0000
73.1800 6750.0000
73.2000 6605.0000
73.2200 6526.0000
73.2400 6461.0000
73.2600 6578.0000
73.2800 6588.0000
73.3000 6526.0000
73.3200 6699.0000
73.3400 6704.0000
73.3600 6654.0000
73.3800 6647.0000
73.4000 6796.0000
73.4200 6745.0000
73.4400 6830.0000
73.4600 6815.0000
73.4800 6924.0000
73.5000 6923.0000
73.5200 6967.0000
73.5400 7013.0000
73.5600 6924.0000
73.5800 6955.0000
73.6000 6932.0000
73.6200 6850.0000
73.6400 6736.0000
73.6600 6769.0000
73.6800 6930.0000
73.7000 6798.0000
73.7200 6706.0000
73.7400 6807.0000
73.7600 6720.0000
73.7800 6655.0000
73.8000 6651.0000
73.8200 6515.0000
73.8400 6493.0000
73.8600 6566.0000
73.8800 6630.0000
73.9000 6412.0000
73.9200 6588.0000
73.9400 6581.0000
73.9600 6663.0000
73.9800 6533.0000
74.0000 6526.0000
74.0200 6580.0000
74.0400 6454.0000
74.0600 6693.0000
74.0800 6579.0000
74.1000 6751.0000
74.1200 6795.0000
74.1400 7022.0000
74.1600 7063.0000
74.1800 7086.0000
74.2000 7332.0000
74.2200 7588.0000
74.2400 7540.0000
74.2600 7814.0000
74.2800 7882.0000
74.3000 8015.0000
74.3200 8122.0000
74.3400 8293.0000
74.3600 8394.0000
74.3800 8183.0000
74.4000 8170.0000
74.4200 8306.0000
74.4400 8300.0000
74.4600 8277.0000
74.4800 8114.0000
74.5000 8144.0000
74.5200 7916.0000
74.5400 8047.0000
74.5600 8056.0000
74.5800 7910.0000
74.6000 7722.0000
74.6200 7779.0000
74.6400 7829.0000
74.6600 7680.0000
74.6800 7541.0000
74.7000 7643.0000
74.7200 7804.0000
74.7400 7685.0000
74.7600 7885.0000
74.7800 7813.0000
74.8000 7869.0000
74.8200 7945.0000
74.8400 8045.0000
74.8600 8051.0000
74.8800 7981.0000
74.9000 8119.0000
74.9200 7931.0000
74.9400 8129.0000
74.9600 7812.0000
74.9800 8083.0000
75.0000 7871.0000
75.0200 7657.0000
75.0400 7576.0000
75.0600 7759.0000
75.0800 7532.0000
75.1000 7465.0000
75.1200 7224.0000
75.1400 7227.0000
75.1600 7354.0000
75.1800 6990.0000
75.2000 7192.0000
75.2200 6963.0000
75.2400 6787.0000
75.2600 6737.0000
75.2800 6688.0000
75.3000 6676.0000
75.3200 6663.0000
75.3400 6569.0000
75.3600 6475.0000
75.3800 6456.0000
75.4000 6392.0000
75.4200 6176.0000
75.4400 6444.0000
75.4600 6316.0000
75.4800 6426.0000
75.5000 6071.0000
75.5200 6181.0000
75.5400 6123.0000
75.5600 6147.0000
75.5800 6157.0000
75.6000 6247.0000
75.6200 6237.0000
75.6400 6116.0000
75.6600 6039.0000
75.6800 6145.0000
75.7000 6129.0000
75.7200 6086.0000
75.7400 6165.0000
75.7600 6049.0000
75.7800 6105.0000
75.8000 6058.0000
75.8200 5956.0000
75.8400 6062.0000
75.8600 6021.0000
75.8800 6224.0000
75.9000 6077.0000
75.9200 5994.0000
75.9400 6012.0000
75.9600 6114.0000
75.9800 6116.0000
76.0000 6040.0000
76.0200 6068.0000
76.0400 6101.0000
76.0600 6200.0000
76.0800 5996.0000
76.1000 6154.0000
76.1200 6040.0000
76.1400 6061.0000
76.1600 6088.0000
76.1800 6001.0000
76.2000 6067.0000
76.2200 6180.0000
76.2400 6080.0000
76.2600 6101.0000
76.2800 5955.0000
76.3000 6112.0000
76.3200 5962.0000
76.3400 5969.0000
76.3600 6018.0000
76.3800 5952.0000
76.4000 6093.0000
76.4200 6084.0000
76.4400 6177.0000
76.4600 6163.0000
76.4800 6166.0000
76.5000 6040.0000
76.5200 6058.0000
76.5400 6063.0000
76.5600 6069.0000
76.5800 6001.0000
76.6000 6049.0000
76.6200 6081.0000
76.6400 6148.0000
76.6600 5951.0000
76.6800 6117.0000
76.7000 6109.0000
76.7200 6178.0000
76.7400 6151.0000
76.7600 6093.0000
76.7800 6018.0000
76.8000 6113.0000
76.8200 6135.0000
76.8400 6170.0000
76.8600 6044.0000
76.8800 6215.0000
76.9000 6040.0000
76.9200 6238.0000
76.9400 6302.0000
76.9600 6157.0000
76.9800 6187.0000
77.0000 6306.0000
77.0200 6398.0000
77.0400 6354.0000
77.0600 6409.0000
77.0800 6366.0000
77.1000 6414.0000
77.1200 6461.0000
77.1400 6470.0000
77.1600 6441.0000
77.1800 6463.0000
77.2000 6726.0000
77.2200 6819.0000
77.2400 6917.0000
77.2600 6939.0000
77.2800 6851.0000
77.3000 7023.0000
77.3200 7230.0000
77.3400 7328.0000
77.3600 7470.0000
77.3800 7687.0000
77.4000 8025.0000
77.4200 8274.0000
77.4400 8482.0000
77.4600 8821.0000
77.4800 9209.0000
77.5000 9727.0000
77.5200 9940.0000
77.5400 10387.0000
77.5600 10713.0000
77.5800 10999.0000
77.6000 11043.0000
77.6200 11392.0000
77.6400 11321.0000
77.6600 11409.0000
77.6800 11417.0000
77.7000 11103.0000
77.7200 11034.0000
77.7400 11095.0000
77.7600 10754.0000
77.7800 10511.0000
77.8000 10559.0000
77.8200 10300.0000
77.8400 10300.0000
77.8600 9907.0000
77.8800 9556.0000
77.9000 9629.0000
77.9200 9105.0000
77.9400 8936.0000
77.9600 8658.0000
77.9800 8458.0000
78.0000 8185.0000
78.0200 7772.0000
78.0400 7745.0000
78.0600 7708.0000
78.0800 7438.0000
78.1000 7188.0000
78.1200 7128.0000
78.1400 6935.0000
78.1600 6872.0000
78.1800 6824.0000
78.2000 6599.0000
78.2200 6428.0000
78.2400 6477.0000
78.2600 6463.0000
78.2800 6489.0000
78.3000 6318.0000
78.3200 6386.0000
78.3400 6205.0000
78.3600 6184.0000
78.3800 6116.0000
78.4000 6199.0000
78.4200 6383.0000
78.4400 6161.0000
78.4600 6154.0000
78.4800 6249.0000
78.5000 6057.0000
78.5200 6113.0000
78.5400 6142.0000
78.5600 6109.0000
78.5800 6091.0000
78.6000 5969.0000
78.6200 6146.0000
78.6400 5989.0000
78.6600 6175.0000
78.6800 6067.0000
78.7000 6188.0000
78.7200 6078.0000
78.7400 6045.0000
78.7600 6181.0000
78.7800 5947.0000
78.8000 5929.0000
78.8200 6076.0000
78.8400 5995.0000
78.8600 6051.0000
78.8800 6030.0000
78.9000 6059.0000
78.9200 5979.0000
78.9400 6063.0000
78.9600 5993.0000
78.9800 5944.0000
79.0000 6034.0000
79.0200 5985.0000
79.0400 5918.0000
79.0600 5996.0000
79.0800 6162.0000
79.1000 6040.0000
79.1200 5954.0000
79.1400 6077.0000
79.1600 5955.0000
79.1800 5959.0000
79.2000 6100.0000
79.2200 6081.0000
79.2400 6053.0000
79.2600 5899.0000
79.2800 5933.0000
79.3000 5991.0000
79.3200 5938.0000
79.3400 5967.0000
79.3600 5996.0000
79.3800 5821.0000
79.4000 6004.0000
79.4200 5942.0000
79.4400 5944.0000
79.4600 6013.0000
79.4800 5976.0000
79.5000 5909.0000
79.5200 5852.0000
79.5400 5938.0000
79.5600 5884.0000
79.5800 6118.0000
79.6000 6072.0000
79.6200 5926.0000
79.6400 5993.0000
79.6600 5943.0000
79.6800 5922.0000
79.7000 5916.0000
79.7200 5866.0000
79.7400 6049.0000
79.7600 6072.0000
79.7800 6075.0000
79.8000 5976.0000
79.8200 6005.0000
79.8400 6109.0000
79.8600 6011.0000
79.8800 6086.0000
79.9000 6013.0000
79.9200 6079.0000
79.9400 6071.0000
79.9600 6164.0000
79.9800 6120.0000
80.0000 6035.0000
80.0200 6130.0000
80.0400 6234.0000
80.0600 6115.0000
80.0800 6148.0000
80.1000 6176.0000
80.1200 6228.0000
80.1400 6175.0000
80.1600 6087.0000
80.1800 6251.0000
80.2000 6164.0000
80.2200 6203.0000
80.2400 6325.0000
80.2600 6202.0000
80.2800 6045.0000
80.3000 6141.0000
80.3200 5921.0000
80.3400 5969.0000
80.3600 6055.0000
80.3800 6000.0000
80.4000 5961.0000
80.4200 5947.0000
80.4400 6197.0000
80.4600 6028.0000
80.4800 5916.0000
80.5000 6048.0000
80.5200 5912.0000
80.5400 5998.0000
80.5600 6016.0000
80.5800 5982.0000
80.6000 6127.0000
80.6200 5900.0000
80.6400 6021.0000
80.6600 6103.0000
80.6800 6045.0000
80.7000 5990.0000
80.7200 5908.0000
80.7400 6008.0000
80.7600 5901.0000
80.7800 5933.0000
80.8000 5900.0000
80.8200 5954.0000
80.8400 5859.0000
80.8600 5820.0000
80.8800 5923.0000
80.9000 5882.0000
80.9200 5927.0000
80.9400 5881.0000
80.9600 5994.0000
80.9800 5918.0000
81.0000 5836.0000
81.0200 6036.0000
81.0400 5930.0000
81.0600 5884.0000
81.0800 5852.0000
81.1000 5858.0000
81.1200 6171.0000
81.1400 5928.0000
81.1600 5914.0000
81.1800 5817.0000
81.2000 5820.0000
81.2200 5921.0000
81.2400 5864.0000
81.2600 5893.0000
81.2800 5890.0000
81.3000 6040.0000
81.3200 5929.0000
81.3400 5935.0000
81.3600 5915.0000
81.3800 5917.0000
81.4000 5864.0000
81.4200 5894.0000
81.4400 5937.0000
81.4600 5933.0000
81.4800 5868.0000
81.5000 5981.0000
81.5200 5870.0000
81.5400 5859.0000
81.5600 5906.0000
81.5800 5900.0000
81.6000 5991.0000
81.6200 5895.0000
81.6400 5878.0000
81.6600 5882.0000
81.6800 5869.0000
81.7000 5935.0000
81.7200 5935.0000
81.7400 6105.0000
81.7600 5916.0000
81.7800 5908.0000
81.8000 5905.0000
81.8200 5836.0000
81.8400 5785.0000
81.8600 5905.0000
81.8800 5812.0000
81.9000 6018.0000
81.9200 5874.0000
81.9400 5921.0000
81.9600 5912.0000
81.9800 5931.0000
82.0000 5942.0000
82.0200 5937.0000
82.0400 5994.0000
82.0600 5961.0000
82.0800 5951.0000
82.1000 5858.0000
82.1200 5855.0000
82.1400 5823.0000
82.1600 5862.0000
82.1800 5851.0000
82.2000 5963.0000
82.2200 5798.0000
82.2400 5879.0000
82.2600 5823.0000
82.2800 5894.0000
82.3000 5881.0000
82.3200 5937.0000
82.3400 5999.0000
82.3600 5844.0000
82.3800 5969.0000
82.4000 5895.0000
82.4200 5859.0000
82.4400 5870.0000
82.4600 5893.0000
82.4800 5883.0000
82.5000 5834.0000
82.5200 5792.0000
82.5400 5861.0000
82.5600 5910.0000
82.5800 5805.0000
82.6000 5871.0000
82.6200 5935.0000
82.6400 5917.0000
82.6600 5904.0000
82.6800 5821.0000
82.7000 5876.0000
82.7200 5776.0000
82.7400 6002.0000
82.7600 5964.0000
82.7800 5820.0000
82.8000 5874.0000
82.8200 5989.0000
82.8400 5886.0000
82.8600 5952.0000
82.8800 5991.0000
82.9000 5883.0000
82.9200 5937.0000
82.9400 5829.0000
82.9600 5858.0000
82.9800 5906.0000
83.0000 5900.0000
83.0200 5873.0000
83.0400 5842.0000
83.0600 5959.0000
83.0800 5846.0000
83.1000 5910.0000
83.1200 5802.0000
83.1400 5803.0000
83.1600 5911.0000
83.1800 5751.0000
83.2000 5851.0000
83.2200 5980.0000
83.2400 5798.0000
83.2600 5773.0000
83.2800 5901.0000
83.3000 5855.0000
83.3200 5945.0000
83.3400 5882.0000
83.3600 5914.0000
83.3800 6025.0000
83.4000 6053.0000
83.4200 5949.0000
83.4400 6008.0000
83.4600 5902.0000
83.4800 5920.0000
83.5000 6041.0000
83.5200 5784.0000
83.5400 5806.0000
83.5600 5881.0000
83.5800 5798.0000
83.6000 5976.0000
83.6200 5943.0000
83.6400 5897.0000
83.6600 5931.0000
83.6800 5907.0000
83.7000 5907.0000
83.7200 5981.0000
83.7400 5943.0000
83.7600 5976.0000
83.7800 5857.0000
83.8000 5942.0000
83.8200 5929.0000
83.8400 5864.0000
83.8600 6032.0000
83.8800 6028.0000
83.9000 5897.0000
83.9200 5919.0000
83.9400 5866.0000
83.9600 5860.0000
83.9800 5997.0000
84.0000 5978.0000
84.0200 5969.0000
84.0400 5979.0000
84.0600 5854.0000
84.0800 5755.0000
84.1000 5930.0000
84.1200 5909.0000
84.1400 5951.0000
84.1600 5986.0000
84.1800 5957.0000
84.2000 6024.0000
84.2200 5924.0000
84.2400 5766.0000
84.2600 5869.0000
84.2800 5837.0000
84.3000 5970.0000
84.3200 5943.0000
84.3400 6008.0000
84.3600 5925.0000
84.3800 5944.0000
84.4000 5930.0000
84.4200 5899.0000
84.4400 5888.0000
84.4600 6032.0000
84.4800 6010.0000
84.5000 5870.0000
84.5200 5866.0000
84.5400 5838.0000
84.5600 5938.0000
84.5800 5997.0000
84.6000 5923.0000
84.6200 6137.0000
84.6400 6112.0000
84.6600 6064.0000
84.6800 5952.0000
84.7000 6085.0000
84.7200 6025.0000
84.7400 6251.0000
84.7600 6078.0000
84.7800 6177.0000
84.8000 6193.0000
84.8200 6062.0000
84.8400 6038.0000
84.8600 6060.0000
84.8800 6084.0000
84.9000 6113.0000
84.9200 6202.0000
84.9400 6094.0000
84.9600 6077.0000
84.9800 5995.0000
85.0000 6030.0000
85.0200 6095.0000
85.0400 6098.0000
85.0600 6147.0000
85.0800 6076.0000
85.1000 5979.0000
85.1200 6026.0000
85.1400 6095.0000
85.1600 6052.0000
85.1800 6045.0000
85.2000 5976.0000
85.2200 5951.0000
85.2400 6017.0000
85.2600 6005.0000
85.2800 5826.0000
85.3000 6067.0000
85.3200 5987.0000
85.3400 5939.0000
85.3600 5879.0000
85.3800 5967.0000
85.4000 5919.0000
85.4200 6029.0000
85.4400 5992.0000
85.4600 6012.0000
85.4800 5990.0000
85.5000 6032.0000
85.5200 5945.0000
85.5400 5921.0000
85.5600 5982.0000
85.5800 5949.0000
85.6000 6015.0000
85.6200 5852.0000
85.6400 5802.0000
85.6600 5961.0000
85.6800 6094.0000
85.7000 5959.0000
85.7200 5960.0000
85.7400 5951.0000
85.7600 5884.0000
85.7800 6034.0000
85.8000 5917.0000
85.8200 5920.0000
85.8400 5869.0000
85.8600 6031.0000
85.8800 5913.0000
85.9000 6019.0000
85.9200 6076.0000
85.9400 6011.0000
85.9600 6008.0000
85.9800 5979.0000
86.0000 5948.0000
86.0200 6034.0000
86.0400 5913.0000
86.0600 6145.0000
86.0800 5967.0000
86.1000 6102.0000
86.1200 6092.0000
86.1400 6141.0000
86.1600 6170.0000
86.1800 6201.0000
86.2000 6162.0000
86.2200 6324.0000
86.2400 6135.0000
86.2600 6214.0000
86.2800 6283.0000
86.3000 6334.0000
86.3200 6380.0000
86.3400 6455.0000
86.3600 6526.0000
86.3800 6657.0000
86.4000 6608.0000
86.4200 6624.0000
86.4400 6776.0000
86.4600 6692.0000
86.4800 6663.0000
86.5000 6809.0000
86.5200 6702.0000
86.5400 6693.0000
86.5600 6922.0000
86.5800 6770.0000
86.6000 6714.0000
86.6200 6678.0000
86.6400 6737.0000
86.6600 6635.0000
86.6800 6538.0000
86.7000 6645.0000
86.7200 6559.0000
86.7400 6599.0000
86.7600 6399.0000
86.7800 6416.0000
86.8000 6538.0000
86.8200 6406.0000
86.8400 6397.0000
86.8600 6307.0000
86.8800 6350.0000
86.9000 6295.0000
86.9200 6157.0000
86.9400 6119.0000
86.9600 6232.0000
86.9800 6155.0000
87.0000 6092.0000
87.0200 6145.0000
87.0400 6199.0000
87.0600 6162.0000
87.0800 6106.0000
87.1000 5950.0000
87.1200 6006.0000
87.1400 6007.0000
87.1600 6027.0000
87.1800 6037.0000
87.2000 5962.0000
87.2200 5927.0000
87.2400 5890.0000
87.2600 6036.0000
87.2800 5977.0000
87.3000 5929.0000
87.3200 5981.0000
87.3400 5937.0000
87.3600 5966.0000
87.3800 6022.0000
87.4000 5835.0000
87.4200 5897.0000
87.4400 6020.0000
87.4600 5966.0000
87.4800 5948.0000
87.5000 6016.0000
87.5200 5973.0000
87.5400 5852.0000
87.5600 5972.0000
87.5800 6020.0000
87.6000 5937.0000
87.6200 5773.0000
87.6400 5810.0000
87.6600 5928.0000
87.6800 5964.0000
87.7000 5839.0000
87.7200 5891.0000
87.7400 5864.0000
87.7600 6008.0000
87.7800 6108.0000
87.8000 5977.0000
87.8200 5981.0000
87.8400 6098.0000
87.8600 5916.0000
87.8800 5996.0000
87.9000 5996.0000
87.9200 5897.0000
87.9400 6099.0000
87.9600 5771.0000
87.9800 6034.0000
88.0000 5986.0000
88.0200 5902.0000
88.0400 5894.0000
88.0600 5938.0000
88.0800 5879.0000
88.1000 6062.0000
88.1200 5940.0000
88.1400 5928.0000
88.1600 5951.0000
88.1800 5962.0000
88.2000 5925.0000
88.2200 5893.0000
88.2400 5917.0000
88.2600 5914.0000
88.2800 5942.0000
88.3000 5857.0000
88.3200 5944.0000
88.3400 5934.0000
88.3600 5951.0000
88.3800 5894.0000
88.4000 5912.0000
88.4200 5909.0000
88.4400 6027.0000
88.4600 5928.0000
88.4800 5952.0000
88.5000 5854.0000
88.5200 6007.0000
88.5400 5995.0000
88.5600 5916.0000
88.5800 5932.0000
88.6000 5871.0000
88.6200 5996.0000
88.6400 5990.0000
88.6600 5936.0000
88.6800 5894.0000
88.7000 5919.0000
88.7200 5874.0000
88.7400 5958.0000
88.7600 5908.0000
88.7800 5942.0000
88.8000 5874.0000
88.8200 6110.0000
88.8400 5935.0000
88.8600 5982.0000
88.8800 5770.0000
88.9000 5868.0000
88.9200 5925.0000
88.9400 5881.0000
88.9600 5894.0000
88.9800 5928.0000
89.0000 5794.0000
89.0200 6001.0000
89.0400 5893.0000
89.0600 6084.0000
89.0800 6027.0000
89.1000 6109.0000
89.1200 5840.0000
89.1400 6008.0000
89.1600 6017.0000
89.1800 5855.0000
89.2000 5917.0000
89.2200 5872.0000
89.2400 5911.0000
89.2600 6061.0000
89.2800 6077.0000
89.3000 5927.0000
89.3200 5849.0000
89.3400 6014.0000
89.3600 6013.0000
89.3800 5836.0000
89.4000 5971.0000
89.4200 6002.0000
89.4400 6006.0000
89.4600 5966.0000
89.4800 5993.0000
89.5000 5996.0000
89.5200 6028.0000
89.5400 6158.0000
89.5600 5937.0000
89.5800 6050.0000
89.6000 6091.0000
89.6200 6093.0000
89.6400 5950.0000
89.6600 5862.0000
89.6800 5968.0000
89.7000 6172.0000
89.7200 5891.0000
89.7400 6031.0000
89.7600 6029.0000
89.7800 6129.0000
89.8000 5940.0000
89.8200 6177.0000
89.8400 6162.0000
89.8600 6129.0000
89.8800 6125.0000
89.9000 5959.0000
89.9200 6324.0000
89.9400 6142.0000
89.9600 6144.0000
89.9800 6079.0000
90.0000 6149.0000
