#Intensity_unit=counts
#Attenuator_coefficient=1.0000
5.0000 14481.0000
5.0200 14695.0000
5.0400 14407.0000
5.0600 14565.0000
5.0800 14635.0000
5.1000 14624.0000
5.1200 14506.0000
5.1400 14660.0000
5.1600 14545.0000
5.1800 14583.0000
5.2000 14255.0000
5.2200 14514.0000
5.2400 14210.0000
5.2600 14244.0000
5.2800 14130.0000
5.3000 14063.0000
5.3200 14247.0000
5.3400 14107.0000
5.3600 14256.0000
5.3800 13959.0000
5.4000 13888.0000
5.4200 13844.0000
5.4400 13882.0000
5.4600 13687.0000
5.4800 13853.0000
5.5000 13691.0000
5.5200 13828.0000
5.5400 13989.0000
5.5600 13766.0000
5.5800 13635.0000
5.6000 13496.0000
5.6200 13657.0000
5.6400 13652.0000
5.6600 13608.0000
5.6800 13607.0000
5.7000 13609.0000
5.7200 13610.0000
5.7400 13592.0000
5.7600 13468.0000
5.7800 13385.0000
5.8000 13324.0000
5.8200 13253.0000
5.8400 13312.0000
5.8600 13285.0000
5.8800 13291.0000
5.9000 13207.0000
5.9200 13269.0000
5.9400 13262.0000
5.9600 13271.0000
5.9800 13134.0000
6.0000 12939.0000
6.0200 13018.0000
6.0400 13256.0000
6.0600 12919.0000
6.0800 12923.0000
6.1000 12825.0000
6.1200 12804.0000
6.1400 12777.0000
6.1600 12861.0000
6.1800 12809.0000
6.2000 12811.0000
6.2200 12763.0000
6.2400 12521.0000
6.2600 12584.0000
6.2800 12677.0000
6.3000 12551.0000
6.3200 12668.0000
6.3400 12464.0000
6.3600 12532.0000
6.3800 12779.0000
6.4000 12559.0000
6.4200 12613.0000
6.4400 12243.0000
6.4600 12482.0000
6.4800 12355.0000
6.5000 12252.0000
6.5200 12444.0000
6.5400 12340.0000
6.5600 12404.0000
6.5800 12342.0000
6.6000 12456.0000
6.6200 12215.0000
6.6400 12164.0000
6.6600 12067.0000
6.6800 12097.0000
6.7000 12006.0000
6.7200 12059.0000
6.7400 12165.0000
6.7600 12204.0000
6.7800 11949.0000
6.8000 12013.0000
6.8200 11973.0000
6.8400 11953.0000
6.8600 12187.0000
6.8800 12038.0000
6.9000 12011.0000
6.9200 11797.0000
6.9400 11884.0000
6.9600 11801.0000
6.9800 11999.0000
7.0000 11986.0000
7.0200 11876.0000
7.0400 11932.0000
7.0600 11855.0000
7.0800 11896.0000
7.1000 11770.0000
7.1200 11706.0000
7.1400 11757.0000
7.1600 11594.0000
7.1800 11496.0000
7.2000 11734.0000
7.2200 11675.0000
7.2400 11535.0000
7.2600 11812.0000
7.2800 11398.0000
7.3000 11598.0000
7.3200 11464.0000
7.3400 11503.0000
7.3600 11602.0000
7.3800 11506.0000
7.4000 11376.0000
7.4200 11480.0000
7.4400 11368.0000
7.4600 11399.0000
7.4800 11334.0000
7.5000 11371.0000
7.5200 11178.0000
7.5400 11356.0000
7.5600 11273.0000
7.5800 11320.0000
7.6000 11118.0000
7.6200 11384.0000
7.6400 11312.0000
7.6600 11332.0000
7.6800 11268.0000
7.7000 11162.0000
7.7200 11307.0000
7.7400 11197.0000
7.7600 11054.0000
7.7800 11413.0000
7.8000 11084.0000
7.8200 11127.0000
7.8400 11055.0000
7.8600 11068.0000
7.8800 11295.0000
7.9000 11182.0000
7.9200 11104.0000
7.9400 11215.0000
7.9600 10952.0000
7.9800 11075.0000
8.0000 10922.0000
8.0200 10938.0000
8.0400 10904.0000
8.0600 10962.0000
8.0800 11016.0000
8.1000 11038.0000
8.1200 11037.0000
8.1400 11005.0000
8.1600 10963.0000
8.1800 10906.0000
8.2000 11042.0000
8.2200 11009.0000
8.2400 10858.0000
8.2600 11189.0000
8.2800 10865.0000
8.3000 10834.0000
8.3200 10850.0000
8.3400 10941.0000
8.3600 10789.0000
8.3800 10704.0000
8.4000 10878.0000
8.4200 10808.0000
8.4400 10642.0000
8.4600 10912.0000
8.4800 10808.0000
8.5000 10713.0000
8.5200 10686.0000
8.5400 10652.0000
8.5600 10693.0000
8.5800 10706.0000
8.6000 10821.0000
8.6200 10749.0000
8.6400 10574.0000
8.6600 10785.0000
8.6800 10607.0000
8.7000 10700.0000
8.7200 10750.0000
8.7400 10603.0000
8.7600 10610.0000
8.7800 10622.0000
8.8000 10597.0000
8.8200 10598.0000
8.8400 10428.0000
8.8600 10686.0000
8.8800 10528.0000
8.9000 10548.0000
8.9200 10607.0000
8.9400 10393.0000
8.9600 10454.0000
8.9800 10529.0000
9.0000 10559.0000
9.0200 10563.0000
9.0400 10593.0000
9.0600 10318.0000
9.0800 10439.0000
9.1000 10457.0000
9.1200 10303.0000
9.1400 10448.0000
9.1600 10498.0000
9.1800 10413.0000
9.2000 10502.0000
9.2200 10491.0000
9.2400 10549.0000
9.2600 10460.0000
9.2800 10356.0000
9.3000 10411.0000
9.3200 10400.0000
9.3400 10309.0000
9.3600 10329.0000
9.3800 10388.0000
9.4000 10578.0000
9.4200 10462.0000
9.4400 10355.0000
9.4600 10220.0000
9.4800 10410.0000
9.5000 10306.0000
9.5200 10194.0000
9.5400 10194.0000
9.5600 10233.0000
9.5800 10251.0000
9.6000 10264.0000
9.6200 10175.0000
9.6400 10073.0000
9.6600 10187.0000
9.6800 10065.0000
9.7000 10123.0000
9.7200 10150.0000
9.7400 10244.0000
9.7600 10263.0000
9.7800 10018.0000
9.8000 10126.0000
9.8200 10063.0000
9.8400 10252.0000
9.8600 10265.0000
9.8800 10352.0000
9.9000 10087.0000
9.9200 9876.0000
9.9400 9956.0000
9.9600 10078.0000
9.9800 10053.0000
10.0000 10193.0000
10.0200 10061.0000
10.0400 9975.0000
10.0600 10051.0000
10.0800 10182.0000
10.1000 9975.0000
10.1200 9896.0000
10.1400 10004.0000
10.1600 10046.0000
10.1800 9970.0000
10.2000 9971.0000
10.2200 9922.0000
10.2400 9959.0000
10.2600 9875.0000
10.2800 9857.0000
10.3000 10035.0000
10.3200 9723.0000
10.3400 9935.0000
10.3600 9835.0000
10.3800 9866.0000
10.4000 9758.0000
10.4200 9772.0000
10.4400 9811.0000
10.4600 9712.0000
10.4800 9643.0000
10.5000 9776.0000
10.5200 9732.0000
10.5400 9728.0000
10.5600 9782.0000
10.5800 9626.0000
10.6000 9764.0000
10.6200 9842.0000
10.6400 9697.0000
10.6600 9591.0000
10.6800 9614.0000
10.7000 9737.0000
10.7200 9652.0000
10.7400 9749.0000
10.7600 9678.0000
10.7800 9815.0000
10.8000 9650.0000
10.8200 9777.0000
10.8400 9424.0000
10.8600 9620.0000
10.8800 9565.0000
10.9000 9530.0000
10.9200 9462.0000
10.9400 9721.0000
10.9600 9603.0000
10.9800 9588.0000
11.0000 9508.0000
11.0200 9466.0000
11.0400 9601.0000
11.0600 9502.0000
11.0800 9503.0000
11.1000 9537.0000
11.1200 9476.0000
11.1400 9475.0000
11.1600 9522.0000
11.1800 9544.0000
11.2000 9443.0000
11.2200 9395.0000
11.2400 9532.0000
11.2600 9584.0000
11.2800 9374.0000
11.3000 9633.0000
11.3200 9374.0000
11.3400 9413.0000
11.3600 9219.0000
11.3800 9398.0000
11.4000 9300.0000
11.4200 9451.0000
11.4400 9350.0000
11.4600 9486.0000
11.4800 9399.0000
11.5000 9253.0000
11.5200 9256.0000
11.5400 9286.0000
11.5600 9286.0000
11.5800 9101.0000
11.6000 9224.0000
11.6200 9230.0000
11.6400 9291.0000
11.6600 9310.0000
11.6800 9071.0000
11.7000 9114.0000
11.7200 9140.0000
11.7400 9209.0000
11.7600 9376.0000
11.7800 9157.0000
11.8000 9238.0000
11.8200 9050.0000
11.8400 9217.0000
11.8600 9156.0000
11.8800 9004.0000
11.9000 9249.0000
11.9200 9039.0000
11.9400 8981.0000
11.9600 8908.0000
11.9800 9050.0000
12.0000 9076.0000
12.0200 9042.0000
12.0400 9000.0000
12.0600 8949.0000
12.0800 9095.0000
12.1000 9120.0000
12.1200 9003.0000
12.1400 9025.0000
12.1600 8951.0000
12.1800 9080.0000
12.2000 9050.0000
12.2200 8844.0000
12.2400 8852.0000
12.2600 9107.0000
12.2800 9003.0000
12.3000 9031.0000
12.3200 8889.0000
12.3400 8825.0000
12.3600 8792.0000
12.3800 8968.0000
12.4000 8828.0000
12.4200 8877.0000
12.4400 9161.0000
12.4600 8764.0000
12.4800 8791.0000
12.5000 8835.0000
12.5200 8769.0000
12.5400 8605.0000
12.5600 8574.0000
12.5800 8866.0000
12.6000 8706.0000
12.6200 8594.0000
12.6400 8751.0000
12.6600 8664.0000
12.6800 8770.0000
12.7000 8747.0000
12.7200 8855.0000
12.7400 8668.0000
12.7600 8824.0000
12.7800 9000.0000
12.8000 8804.0000
12.8200 8960.0000
12.8400 9019.0000
12.8600 9140.0000
12.8800 8978.0000
12.9000 9005.0000
12.9200 8870.0000
12.9400 8722.0000
12.9600 8864.0000
12.9800 8668.0000
13.0000 8724.0000
13.0200 8551.0000
13.0400 8597.0000
13.0600 8481.0000
13.0800 8575.0000
13.1000 8649.0000
13.1200 8615.0000
13.1400 8375.0000
13.1600 8698.0000
13.1800 8482.0000
13.2000 8561.0000
13.2200 8391.0000
13.2400 8660.0000
13.2600 8424.0000
13.2800 8445.0000
13.3000 8375.0000
13.3200 8459.0000
13.3400 8419.0000
13.3600 8434.0000
13.3800 8449.0000
13.4000 8314.0000
13.4200 8285.0000
13.4400 8325.0000
13.4600 8311.0000
13.4800 8412.0000
13.5000 8343.0000
13.5200 8278.0000
13.5400 8169.0000
13.5600 8247.0000
13.5800 8342.0000
13.6000 8393.0000
13.6200 8399.0000
13.6400 8275.0000
13.6600 8287.0000
13.6800 8174.0000
13.7000 8221.0000
13.7200 8409.0000
13.7400 8365.0000
13.7600 8153.0000
13.7800 8282.0000
13.8000 8194.0000
13.8200 8296.0000
13.8400 8151.0000
13.8600 8335.0000
13.8800 8172.0000
13.9000 8111.0000
13.9200 8236.0000
13.9400 8170.0000
13.9600 8306.0000
13.9800 8158.0000
14.0000 8141.0000
14.0200 8179.0000
14.0400 8125.0000
14.0600 8085.0000
14.0800 8074.0000
14.1000 8134.0000
14.1200 8166.0000
14.1400 7936.0000
14.1600 8069.0000
14.1800 8012.0000
14.2000 8032.0000
14.2200 8236.0000
14.2400 8051.0000
14.2600 8099.0000
14.2800 7994.0000
14.3000 7933.0000
14.3200 8032.0000
14.3400 7849.0000
14.3600 7822.0000
14.3800 8099.0000
14.4000 8147.0000
14.4200 7973.0000
14.4400 7980.0000
14.4600 7920.0000
14.4800 7917.0000
14.5000 7855.0000
14.5200 7872.0000
14.5400 7844.0000
14.5600 7921.0000
14.5800 8022.0000
14.6000 7873.0000
14.6200 7725.0000
14.6400 7806.0000
14.6600 7902.0000
14.6800 7951.0000
14.7000 7741.0000
14.7200 7903.0000
14.7400 7863.0000
14.7600 7778.0000
14.7800 7649.0000
14.8000 7826.0000
14.8200 7848.0000
14.8400 7773.0000
14.8600 7897.0000
14.8800 7924.0000
14.9000 7890.0000
14.9200 7665.0000
14.9400 7708.0000
14.9600 7681.0000
14.9800 7563.0000
15.0000 7614.0000
15.0200 7577.0000
15.0400 7726.0000
15.0600 7726.0000
15.0800 7777.0000
15.1000 7585.0000
15.1200 7801.0000
15.1400 7511.0000
15.1600 7776.0000
15.1800 7678.0000
15.2000 7475.0000
15.2200 7672.0000
15.2400 7568.0000
15.2600 7689.0000
15.2800 7618.0000
15.3000 7600.0000
15.3200 7643.0000
15.3400 7453.0000
15.3600 7602.0000
15.3800 7565.0000
15.4000 7556.0000
15.4200 7645.0000
15.4400 7505.0000
15.4600 7641.0000
15.4800 7561.0000
15.5000 7364.0000
15.5200 7644.0000
15.5400 7626.0000
15.5600 7414.0000
15.5800 7510.0000
15.6000 7552.0000
15.6200 7381.0000
15.6400 7483.0000
15.6600 7495.0000
15.6800 7421.0000
15.7000 7412.0000
15.7200 7397.0000
15.7400 7544.0000
15.7600 7521.0000
15.7800 7655.0000
15.8000 7495.0000
15.8200 7575.0000
15.8400 7380.0000
15.8600 7392.0000
15.8800 7392.0000
15.9000 7285.0000
15.9200 7344.0000
15.9400 7333.0000
15.9600 7576.0000
15.9800 7259.0000
16.0000 7598.0000
16.0200 7414.0000
16.0400 7432.0000
16.0600 7523.0000
16.0800 7255.0000
16.1000 7382.0000
16.1200 7309.0000
16.1400 7346.0000
16.1600 7130.0000
16.1800 7368.0000
16.2000 7177.0000
16.2200 7205.0000
16.2400 7309.0000
16.2600 7202.0000
16.2800 7269.0000
16.3000 7411.0000
16.3200 7400.0000
16.3400 7464.0000
16.3600 7296.0000
16.3800 7207.0000
16.4000 7185.0000
16.4200 7275.0000
16.4400 7191.0000
16.4600 7221.0000
16.4800 7234.0000
16.5000 7152.0000
16.5200 7093.0000
16.5400 7182.0000
16.5600 7107.0000
16.5800 7212.0000
16.6000 7271.0000
16.6200 7172.0000
16.6400 7171.0000
16.6600 7082.0000
16.6800 7111.0000
16.7000 6951.0000
16.7200 7088.0000
16.7400 7021.0000
16.7600 7176.0000
16.7800 7131.0000
16.8000 7135.0000
16.8200 7081.0000
16.8400 7313.0000
16.8600 7037.0000
16.8800 7179.0000
16.9000 6991.0000
16.9200 7053.0000
16.9400 7085.0000
16.9600 7010.0000
16.9800 7052.0000
17.0000 7025.0000
17.0200 7080.0000
17.0400 7062.0000
17.0600 7054.0000
17.0800 7014.0000
17.1000 7047.0000
17.1200 7173.0000
17.1400 7141.0000
17.1600 6974.0000
17.1800 6988.0000
17.2000 6924.0000
17.2200 6844.0000
17.2400 6910.0000
17.2600 6913.0000
17.2800 6810.0000
17.3000 6896.0000
17.3200 6927.0000
17.3400 7003.0000
17.3600 7027.0000
17.3800 6880.0000
17.4000 6973.0000
17.4200 6798.0000
17.4400 6909.0000
17.4600 6972.0000
17.4800 6875.0000
17.5000 6979.0000
17.5200 6871.0000
17.5400 6888.0000
17.5600 7111.0000
17.5800 6962.0000
17.6000 6773.0000
17.6200 6750.0000
17.6400 7204.0000
17.6600 6870.0000
17.6800 6886.0000
17.7000 6840.0000
17.7200 6857.0000
17.7400 6952.0000
17.7600 6758.0000
17.7800 6868.0000
17.8000 6857.0000
17.8200 6852.0000
17.8400 6908.0000
17.8600 6849.0000
17.8800 6938.0000
17.9000 6873.0000
17.9200 6960.0000
17.9400 6806.0000
17.9600 6852.0000
17.9800 6933.0000
18.0000 6909.0000
18.0200 6835.0000
18.0400 6753.0000
18.0600 6747.0000
18.0800 6763.0000
18.1000 6790.0000
18.1200 6679.0000
18.1400 6655.0000
18.1600 6773.0000
18.1800 6867.0000
18.2000 6560.0000
18.2200 6685.0000
18.2400 6839.0000
18.2600 6852.0000
18.2800 6824.0000
18.3000 6783.0000
18.3200 6832.0000
18.3400 6679.0000
18.3600 6844.0000
18.3800 6640.0000
18.4000 6606.0000
18.4200 6803.0000
18.4400 6720.0000
18.4600 6812.0000
18.4800 6723.0000
18.5000 6575.0000
18.5200 6795.0000
18.5400 6584.0000
18.5600 6716.0000
18.5800 6577.0000
18.6000 6696.0000
18.6200 6797.0000
18.6400 6722.0000
18.6600 6679.0000
18.6800 6655.0000
18.7000 6909.0000
18.7200 6685.0000
18.7400 6576.0000
18.7600 6846.0000
18.7800 6705.0000
18.8000 6863.0000
18.8200 6745.0000
18.8400 6678.0000
18.8600 6916.0000
18.8800 6503.0000
18.9000 6652.0000
18.9200 6726.0000
18.9400 6651.0000
18.9600 6724.0000
18.9800 6395.0000
19.0000 6655.0000
19.0200 6711.0000
19.0400 6550.0000
19.0600 6481.0000
19.0800 6688.0000
19.1000 6547.0000
19.1200 6617.0000
19.1400 6675.0000
19.1600 6554.0000
19.1800 6514.0000
19.2000 6699.0000
19.2200 6594.0000
19.2400 6594.0000
19.2600 6691.0000
19.2800 6625.0000
19.3000 6529.0000
19.3200 6470.0000
19.3400 6436.0000
19.3600 6530.0000
19.3800 6600.0000
19.4000 6664.0000
19.4200 6505.0000
19.4400 6596.0000
19.4600 6502.0000
19.4800 6510.0000
19.5000 6498.0000
19.5200 6529.0000
19.5400 6525.0000
19.5600 6603.0000
19.5800 6509.0000
19.6000 6484.0000
19.6200 6392.0000
19.6400 6418.0000
19.6600 6285.0000
19.6800 6377.0000
19.7000 6427.0000
19.7200 6358.0000
19.7400 6327.0000
19.7600 6374.0000
19.7800 6295.0000
19.8000 6387.0000
19.8200 6354.0000
19.8400 6341.0000
19.8600 6329.0000
19.8800 6544.0000
19.9000 6402.0000
19.9200 6402.0000
19.9400 6320.0000
19.9600 6351.0000
19.9800 6259.0000
20.0000 6326.0000
20.0200 6473.0000
20.0400 6389.0000
20.0600 6620.0000
20.0800 6586.0000
20.1000 6573.0000
20.1200 6336.0000
20.1400 6375.0000
20.1600 6302.0000
20.1800 6219.0000
20.2000 6231.0000
20.2200 6227.0000
20.2400 6349.0000
20.2600 6319.0000
20.2800 6117.0000
20.3000 6244.0000
20.3200 6177.0000
20.3400 6102.0000
20.3600 6134.0000
20.3800 6138.0000
20.4000 6013.0000
20.4200 6045.0000
20.4400 6197.0000
20.4600 6149.0000
20.4800 6163.0000
20.5000 6150.0000
20.5200 6069.0000
20.5400 6154.0000
20.5600 6141.0000
20.5800 5959.0000
20.6000 5857.0000
20.6200 6115.0000
20.6400 5996.0000
20.6600 6156.0000
20.6800 6040.0000
20.7000 6056.0000
20.7200 6034.0000
20.7400 6048.0000
20.7600 6015.0000
20.7800 6108.0000
20.8000 5948.0000
20.8200 5895.0000
20.8400 6077.0000
20.8600 6103.0000
20.8800 5981.0000
20.9000 5882.0000
20.9200 6074.0000
20.9400 5962.0000
20.9600 5835.0000
20.9800 5992.0000
21.0000 6010.0000
21.0200 5913.0000
21.0400 5934.0000
21.0600 5954.0000
21.0800 5945.0000
21.1000 6126.0000
21.1200 6031.0000
21.1400 6085.0000
21.1600 6087.0000
21.1800 6246.0000
21.2000 6161.0000
21.2200 5983.0000
21.2400 5938.0000
21.2600 5897.0000
21.2800 5977.0000
21.3000 6029.0000
21.3200 6036.0000
21.3400 5944.0000
21.3600 5852.0000
21.3800 5680.0000
21.4000 5667.0000
21.4200 5666.0000
21.4400 5894.0000
21.4600 5644.0000
21.4800 5700.0000
21.5000 5853.0000
21.5200 5775.0000
21.5400 5745.0000
21.5600 5800.0000
21.5800 5685.0000
21.6000 5680.0000
21.6200 5618.0000
21.6400 5786.0000
21.6600 5711.0000
21.6800 5749.0000
21.7000 5655.0000
21.7200 5703.0000
21.7400 5674.0000
21.7600 5580.0000
21.7800 5595.0000
21.8000 5621.0000
21.8200 5644.0000
21.8400 5703.0000
21.8600 5680.0000
21.8800 5592.0000
21.9000 5591.0000
21.9200 5683.0000
21.9400 5527.0000
21.9600 5511.0000
21.9800 5511.0000
22.0000 5485.0000
22.0200 5530.0000
22.0400 5573.0000
22.0600 5612.0000
22.0800 5696.0000
22.1000 5511.0000
22.1200 5577.0000
22.1400 5650.0000
22.1600 5665.0000
22.1800 5621.0000
22.2000 5587.0000
22.2200 5454.0000
22.2400 5540.0000
22.2600 5480.0000
22.2800 5479.0000
22.3000 5401.0000
22.3200 5525.0000
22.3400 5455.0000
22.3600 5525.0000
22.3800 5449.0000
22.4000 5310.0000
22.4200 5441.0000
22.4400 5442.0000
22.4600 5418.0000
22.4800 5395.0000
22.5000 5474.0000
22.5200 5547.0000
22.5400 5449.0000
22.5600 5323.0000
22.5800 5353.0000
22.6000 5317.0000
22.6200 5566.0000
22.6400 5516.0000
22.6600 5468.0000
22.6800 5372.0000
22.7000 5512.0000
22.7200 5317.0000
22.7400 5448.0000
22.7600 5373.0000
22.7800 5515.0000
22.8000 5563.0000
22.8200 5469.0000
22.8400 5451.0000
22.8600 5313.0000
22.8800 5329.0000
22.9000 5338.0000
22.9200 5287.0000
22.9400 5341.0000
22.9600 5235.0000
22.9800 5377.0000
23.0000 5420.0000
23.0200 5215.0000
23.0400 5378.0000
23.0600 5381.0000
23.0800 5261.0000
23.1000 5213.0000
23.1200 5261.0000
23.1400 5395.0000
23.1600 5377.0000
23.1800 5320.0000
23.2000 5294.0000
23.2200 5100.0000
23.2400 5138.0000
23.2600 5042.0000
23.2800 5182.0000
23.3000 5243.0000
23.3200 5251.0000
23.3400 5084.0000
23.3600 5262.0000
23.3800 5265.0000
23.4000 5098.0000
23.4200 5192.0000
23.4400 5240.0000
23.4600 5441.0000
23.4800 5403.0000
23.5000 5502.0000
23.5200 5398.0000
23.5400 5277.0000
23.5600 5218.0000
23.5800 5104.0000
23.6000 5269.0000
23.6200 5192.0000
23.6400 5174.0000
23.6600 5128.0000
23.6800 5041.0000
23.7000 5066.0000
23.7200 5109.0000
23.7400 5093.0000
23.7600 5125.0000
23.7800 5058.0000
23.8000 5012.0000
23.8200 4999.0000
23.8400 5105.0000
23.8600 5073.0000
23.8800 5080.0000
23.9000 4925.0000
23.9200 4946.0000
23.9400 5091.0000
23.9600 5068.0000
23.9800 5059.0000
24.0000 5079.0000
24.0200 5096.0000
24.0400 5044.0000
24.0600 5049.0000
24.0800 5011.0000
24.1000 5000.0000
24.1200 4947.0000
24.1400 4923.0000
24.1600 5043.0000
24.1800 4979.0000
24.2000 4906.0000
24.2200 5024.0000
24.2400 5085.0000
24.2600 4904.0000
24.2800 5068.0000
24.3000 5021.0000
24.3200 4957.0000
24.3400 5155.0000
24.3600 5184.0000
24.3800 5005.0000
24.4000 5045.0000
24.4200 4954.0000
24.4400 4930.0000
24.4600 5124.0000
24.4800 5068.0000
24.5000 4976.0000
24.5200 4954.0000
24.5400 4975.0000
24.5600 5010.0000
24.5800 5014.0000
24.6000 4936.0000
24.6200 4996.0000
24.6400 5002.0000
24.6600 4893.0000
24.6800 5039.0000
24.7000 4987.0000
24.7200 5036.0000
24.7400 4905.0000
24.7600 4953.0000
24.7800 4875.0000
24.8000 4894.0000
24.8200 4980.0000
24.8400 4913.0000
24.8600 4930.0000
24.8800 5107.0000
24.9000 5104.0000
24.9200 5093.0000
24.9400 5028.0000
24.9600 4992.0000
24.9800 4943.0000
25.0000 4976.0000
25.0200 5075.0000
25.0400 5052.0000
25.0600 5070.0000
25.0800 4864.0000
25.1000 4830.0000
25.1200 4896.0000
25.1400 4816.0000
25.1600 5030.0000
25.1800 4902.0000
25.2000 4746.0000
25.2200 4805.0000
25.2400 4792.0000
25.2600 4886.0000
25.2800 4789.0000
25.3000 4889.0000
25.3200 4883.0000
25.3400 5068.0000
25.3600 4937.0000
25.3800 4827.0000
25.4000 4906.0000
25.4200 4983.0000
25.4400 4946.0000
25.4600 4797.0000
25.4800 5009.0000
25.5000 5186.0000
25.5200 5617.0000
25.5400 6457.0000
25.5600 6978.0000
25.5800 6193.0000
25.6000 5382.0000
25.6200 4989.0000
25.6400 5031.0000
25.6600 4968.0000
25.6800 4921.0000
25.7000 4762.0000
25.7200 4842.0000
25.7400 4742.0000
25.7600 4856.0000
25.7800 4656.0000
25.8000 4844.0000
25.8200 4848.0000
25.8400 4756.0000
25.8600 4789.0000
25.8800 4632.0000
25.9000 4817.0000
25.9200 4777.0000
25.9400 4737.0000
25.9600 4841.0000
25.9800 4794.0000
26.0000 4779.0000
26.0200 4756.0000
26.0400 4790.0000
26.0600 4649.0000
26.0800 4678.0000
26.1000 4662.0000
26.1200 4707.0000
26.1400 4652.0000
26.1600 4697.0000
26.1800 4529.0000
26.2000 4581.0000
26.2200 4642.0000
26.2400 4796.0000
26.2600 4693.0000
26.2800 4732.0000
26.3000 4519.0000
26.3200 4723.0000
26.3400 4627.0000
26.3600 4586.0000
26.3800 4577.0000
26.4000 4713.0000
26.4200 4719.0000
26.4400 4671.0000
26.4600 4602.0000
26.4800 4568.0000
26.5000 4524.0000
26.5200 4334.0000
26.5400 4544.0000
26.5600 4610.0000
26.5800 4673.0000
26.6000 4614.0000
26.6200 4517.0000
26.6400 4549.0000
26.6600 4547.0000
26.6800 4586.0000
26.7000 4610.0000
26.7200 4476.0000
26.7400 4531.0000
26.7600 4531.0000
26.7800 4569.0000
26.8000 4571.0000
26.8200 4548.0000
26.8400 4494.0000
26.8600 4493.0000
26.8800 4418.0000
26.9000 4586.0000
26.9200 4488.0000
26.9400 4599.0000
26.9600 4555.0000
26.9800 4717.0000
27.0000 4429.0000
27.0200 4537.0000
27.0400 4450.0000
27.0600 4545.0000
27.0800 4411.0000
27.1000 4496.0000
27.1200 4481.0000
27.1400 4564.0000
27.1600 4357.0000
27.1800 4419.0000
27.2000 4388.0000
27.2200 4562.0000
27.2400 4421.0000
27.2600 4512.0000
27.2800 4386.0000
27.3000 4537.0000
27.3200 4732.0000
27.3400 5160.0000
27.3600 5775.0000
27.3800 6406.0000
27.4000 6499.0000
27.4200 6413.0000
27.4400 6385.0000
27.4600 6297.0000
27.4800 6343.0000
27.5000 6142.0000
27.5200 6294.0000
27.5400 6375.0000
27.5600 6275.0000
27.5800 6329.0000
27.6000 6252.0000
27.6200 6316.0000
27.6400 6317.0000
27.6600 6224.0000
27.6800 6150.0000
27.7000 6329.0000
27.7200 6165.0000
27.7400 6117.0000
27.7600 6242.0000
27.7800 6184.0000
27.8000 6201.0000
27.8200 6091.0000
27.8400 6360.0000
27.8600 6225.0000
27.8800 6314.0000
27.9000 6306.0000
27.9200 6360.0000
27.9400 6265.0000
27.9600 6472.0000
27.9800 6590.0000
28.0000 6622.0000
28.0200 6653.0000
28.0400 6825.0000
28.0600 7047.0000
28.0800 7155.0000
28.1000 7467.0000
28.1200 7873.0000
28.1400 8437.0000
28.1600 9286.0000
28.1800 11216.0000
28.2000 14564.0000
28.2200 18261.0000
28.2400 21885.0000
28.2600 28990.0000
28.2800 53619.0000
28.3000 130574.0000
28.3200 349983.0000
28.3400 680668.0000
28.3600 666136.0000
28.3800 328790.0000
28.4000 290457.0000
28.4200 379636.0000
28.4400 249941.0000
28.4600 85095.0000
28.4800 31667.0000
28.5000 19220.0000
28.5200 14627.0000
28.5400 11993.0000
28.5600 10328.0000
28.5800 9172.0000
28.6000 8477.0000
28.6200 7795.0000
28.6400 7403.0000
28.6600 7016.0000
28.6800 6794.0000
28.7000 6532.0000
28.7200 6185.0000
28.7400 6268.0000
28.7600 6113.0000
28.7800 5825.0000
28.8000 5733.0000
28.8200 5885.0000
28.8400 5789.0000
28.8600 5693.0000
28.8800 5462.0000
28.9000 5372.0000
28.9200 5310.0000
28.9400 5317.0000
28.9600 5262.0000
28.9800 5243.0000
29.0000 5230.0000
29.0200 5161.0000
29.0400 5101.0000
29.0600 5119.0000
29.0800 5062.0000
29.1000 5039.0000
29.1200 4990.0000
29.1400 4893.0000
29.1600 4825.0000
29.1800 4837.0000
29.2000 4901.0000
29.2200 4858.0000
29.2400 4854.0000
29.2600 4832.0000
29.2800 4894.0000
29.3000 4819.0000
29.3200 4732.0000
29.3400 4720.0000
29.3600 4734.0000
29.3800 4708.0000
29.4000 4707.0000
29.4200 4744.0000
29.4400 4566.0000
29.4600 4599.0000
29.4800 4619.0000
29.5000 4482.0000
29.5200 4522.0000
29.5400 4368.0000
29.5600 4606.0000
29.5800 4584.0000
29.6000 4405.0000
29.6200 4467.0000
29.6400 4512.0000
29.6600 4621.0000
29.6800 4477.0000
29.7000 4331.0000
29.7200 4370.0000
29.7400 4423.0000
29.7600 4244.0000
29.7800 4306.0000
29.8000 4430.0000
29.8200 4301.0000
29.8400 4253.0000
29.8600 4318.0000
29.8800 4253.0000
29.9000 4326.0000
29.9200 4313.0000
29.9400 4307.0000
29.9600 4292.0000
29.9800 4268.0000
30.0000 4275.0000
30.0200 4196.0000
30.0400 4258.0000
30.0600 4300.0000
30.0800 4340.0000
30.1000 4161.0000
30.1200 4233.0000
30.1400 4180.0000
30.1600 4225.0000
30.1800 4103.0000
30.2000 4106.0000
30.2200 4146.0000
30.2400 4108.0000
30.2600 4079.0000
30.2800 4061.0000
30.3000 4106.0000
30.3200 4162.0000
30.3400 4090.0000
30.3600 4092.0000
30.3800 3984.0000
30.4000 4093.0000
30.4200 4102.0000
30.4400 3897.0000
30.4600 3938.0000
30.4800 4003.0000
30.5000 3983.0000
30.5200 3998.0000
30.5400 3962.0000
30.5600 4113.0000
30.5800 4000.0000
30.6000 4029.0000
30.6200 4091.0000
30.6400 3944.0000
30.6600 3914.0000
30.6800 3957.0000
30.7000 3955.0000
30.7200 3954.0000
30.7400 3793.0000
30.7600 3856.0000
30.7800 3853.0000
30.8000 3766.0000
30.8200 3893.0000
30.8400 3837.0000
30.8600 3840.0000
30.8800 3909.0000
30.9000 3840.0000
30.9200 3872.0000
30.9400 3897.0000
30.9600 3817.0000
30.9800 3860.0000
31.0000 3984.0000
31.0200 3823.0000
31.0400 3880.0000
31.0600 3887.0000
31.0800 3815.0000
31.1000 3756.0000
31.1200 3805.0000
31.1400 3846.0000
31.1600 3964.0000
31.1800 3762.0000
31.2000 3763.0000
31.2200 3730.0000
31.2400 3751.0000
31.2600 3739.0000
31.2800 3682.0000
31.3000 3721.0000
31.3200 3821.0000
31.3400 3748.0000
31.3600 3784.0000
31.3800 3629.0000
31.4000 3743.0000
31.4200 3827.0000
31.4400 3692.0000
31.4600 3724.0000
31.4800 3743.0000
31.5000 3652.0000
31.5200 3829.0000
31.5400 3718.0000
31.5600 3672.0000
31.5800 3642.0000
31.6000 3689.0000
31.6200 3689.0000
31.6400 3770.0000
31.6600 3832.0000
31.6800 3663.0000
31.7000 3674.0000
31.7200 3604.0000
31.7400 3672.0000
31.7600 3718.0000
31.7800 3658.0000
31.8000 3579.0000
31.8200 3622.0000
31.8400 3569.0000
31.8600 3583.0000
31.8800 3545.0000
31.9000 3630.0000
31.9200 3649.0000
31.9400 3558.0000
31.9600 3686.0000
31.9800 3732.0000
32.0000 3570.0000
32.0200 3668.0000
32.0400 3561.0000
32.0600 3479.0000
32.0800 3599.0000
32.1000 3644.0000
32.1200 3578.0000
32.1400 3615.0000
32.1600 3628.0000
32.1800 3632.0000
32.2000 3626.0000
32.2200 3558.0000
32.2400 3528.0000
32.2600 3532.0000
32.2800 3580.0000
32.3000 3472.0000
32.3200 3593.0000
32.3400 3585.0000
32.3600 3527.0000
32.3800 3429.0000
32.4000 3417.0000
32.4200 3544.0000
32.4400 3476.0000
32.4600 3508.0000
32.4800 3460.0000
32.5000 3511.0000
32.5200 3543.0000
32.5400 3458.0000
32.5600 3444.0000
32.5800 3455.0000
32.6000 3380.0000
32.6200 3435.0000
32.6400 3451.0000
32.6600 3424.0000
32.6800 3480.0000
32.7000 3401.0000
32.7200 3485.0000
32.7400 3466.0000
32.7600 3449.0000
32.7800 3336.0000
32.8000 3342.0000
32.8200 3445.0000
32.8400 3513.0000
32.8600 3509.0000
32.8800 3502.0000
32.9000 3568.0000
32.9200 3513.0000
32.9400 3498.0000
32.9600 3629.0000
32.9800 3425.0000
33.0000 3422.0000
33.0200 3455.0000
33.0400 3375.0000
33.0600 3434.0000
33.0800 3456.0000
33.1000 3514.0000
33.1200 3441.0000
33.1400 3669.0000
33.1600 3611.0000
33.1800 3564.0000
33.2000 3394.0000
33.2200 3483.0000
33.2400 3429.0000
33.2600 3448.0000
33.2800 3329.0000
33.3000 3370.0000
33.3200 3324.0000
33.3400 3387.0000
33.3600 3423.0000
33.3800 3306.0000
33.4000 3220.0000
33.4200 3297.0000
33.4400 3339.0000
33.4600 3380.0000
33.4800 3346.0000
33.5000 3377.0000
33.5200 3451.0000
33.5400 3355.0000
33.5600 3342.0000
33.5800 3285.0000
33.6000 3308.0000
33.6200 3332.0000
33.6400 3357.0000
33.6600 3465.0000
33.6800 3400.0000
33.7000 3312.0000
33.7200 3376.0000
33.7400 3285.0000
33.7600 3309.0000
33.7800 3297.0000
33.8000 3350.0000
33.8200 3206.0000
33.8400 3271.0000
33.8600 3364.0000
33.8800 3325.0000
33.9000 3258.0000
33.9200 3320.0000
33.9400 3215.0000
33.9600 3325.0000
33.9800 3281.0000
34.0000 3428.0000
34.0200 3304.0000
34.0400 3274.0000
34.0600 3270.0000
34.0800 3267.0000
34.1000 3324.0000
34.1200 3327.0000
34.1400 3298.0000
34.1600 3285.0000
34.1800 3342.0000
34.2000 3285.0000
34.2200 3214.0000
34.2400 3211.0000
34.2600 3224.0000
34.2800 3232.0000
34.3000 3159.0000
34.3200 3251.0000
34.3400 3211.0000
34.3600 3268.0000
34.3800 3248.0000
34.4000 3222.0000
34.4200 3118.0000
34.4400 3174.0000
34.4600 3244.0000
34.4800 3202.0000
34.5000 3273.0000
34.5200 3208.0000
34.5400 3277.0000
34.5600 3215.0000
34.5800 3230.0000
34.6000 3221.0000
34.6200 3211.0000
34.6400 3217.0000
34.6600 3206.0000
34.6800 3174.0000
34.7000 3250.0000
34.7200 3197.0000
34.7400 3204.0000
34.7600 3121.0000
34.7800 3134.0000
34.8000 3182.0000
34.8200 3229.0000
34.8400 3297.0000
34.8600 3185.0000
34.8800 3142.0000
34.9000 3238.0000
34.9200 3236.0000
34.9400 3246.0000
34.9600 3230.0000
34.9800 3200.0000
35.0000 3112.0000
35.0200 3303.0000
35.0400 3269.0000
35.0600 3298.0000
35.0800 3279.0000
35.1000 3219.0000
35.1200 3171.0000
35.1400 3227.0000
35.1600 3220.0000
35.1800 3388.0000
35.2000 3289.0000
35.2200 3266.0000
35.2400 3246.0000
35.2600 3362.0000
35.2800 3330.0000
35.3000 3340.0000
35.3200 3271.0000
35.3400 3486.0000
35.3600 3603.0000
35.3800 3530.0000
35.4000 3437.0000
35.4200 3586.0000
35.4400 3640.0000
35.4600 3735.0000
35.4800 3743.0000
35.5000 3879.0000
35.5200 3925.0000
35.5400 3879.0000
35.5600 3899.0000
35.5800 3911.0000
35.6000 3865.0000
35.6200 3841.0000
35.6400 3656.0000
35.6600 3750.0000
35.6800 3570.0000
35.7000 3475.0000
35.7200 3438.0000
35.7400 3302.0000
35.7600 3338.0000
35.7800 3465.0000
35.8000 3330.0000
35.8200 3159.0000
35.8400 3152.0000
35.8600 3170.0000
35.8800 3172.0000
35.9000 3266.0000
35.9200 3123.0000
35.9400 3171.0000
35.9600 3166.0000
35.9800 3119.0000
36.0000 3158.0000
36.0200 3163.0000
36.0400 3127.0000
36.0600 3099.0000
36.0800 3100.0000
36.1000 3067.0000
36.1200 3041.0000
36.1400 3024.0000
36.1600 2936.0000
36.1800 3033.0000
36.2000 3073.0000
36.2200 2982.0000
36.2400 3033.0000
36.2600 3090.0000
36.2800 3087.0000
36.3000 3060.0000
36.3200 3021.0000
36.3400 2974.0000
36.3600 2956.0000
36.3800 2969.0000
36.4000 2966.0000
36.4200 2948.0000
36.4400 3008.0000
36.4600 2935.0000
36.4800 2926.0000
36.5000 2829.0000
36.5200 2888.0000
36.5400 2959.0000
36.5600 2956.0000
36.5800 3033.0000
36.6000 2999.0000
36.6200 2972.0000
36.6400 2901.0000
36.6600 2958.0000
36.6800 2961.0000
36.7000 3050.0000
36.7200 2935.0000
36.7400 2993.0000
36.7600 2890.0000
36.7800 2858.0000
36.8000 2974.0000
36.8200 2913.0000
36.8400 2941.0000
36.8600 2977.0000
36.8800 2926.0000
36.9000 2958.0000
36.9200 2914.0000
36.9400 2861.0000
36.9600 2896.0000
36.9800 2842.0000
37.0000 2867.0000
37.0200 2887.0000
37.0400 2824.0000
37.0600 2913.0000
37.0800 2931.0000
37.1000 2867.0000
37.1200 2862.0000
37.1400 2939.0000
37.1600 2936.0000
37.1800 2967.0000
37.2000 2863.0000
37.2200 2984.0000
37.2400 2799.0000
37.2600 2896.0000
37.2800 2834.0000
37.3000 2843.0000
37.3200 2818.0000
37.3400 2788.0000
37.3600 2840.0000
37.3800 2811.0000
37.4000 2907.0000
37.4200 2771.0000
37.4400 2806.0000
37.4600 2755.0000
37.4800 2889.0000
37.5000 2878.0000
37.5200 2936.0000
37.5400 2879.0000
37.5600 2854.0000
37.5800 2828.0000
37.6000 2797.0000
37.6200 2799.0000
37.6400 2835.0000
37.6600 2846.0000
37.6800 3029.0000
37.7000 2851.0000
37.7200 2978.0000
37.7400 3089.0000
37.7600 2891.0000
37.7800 2756.0000
37.8000 2788.0000
37.8200 2762.0000
37.8400 2730.0000
37.8600 2754.0000
37.8800 2747.0000
37.9000 2746.0000
37.9200 2776.0000
37.9400 2801.0000
37.9600 2761.0000
37.9800 2838.0000
38.0000 2762.0000
38.0200 2744.0000
38.0400 2798.0000
38.0600 2711.0000
38.0800 2644.0000
38.1000 2770.0000
38.1200 2727.0000
38.1400 2689.0000
38.1600 2716.0000
38.1800 2740.0000
38.2000 2744.0000
38.2200 2771.0000
38.2400 2809.0000
38.2600 2807.0000
38.2800 2733.0000
38.3000 2758.0000
38.3200 2660.0000
38.3400 2752.0000
38.3600 2675.0000
38.3800 2648.0000
38.4000 2713.0000
38.4200 2668.0000
38.4400 2759.0000
38.4600 2761.0000
38.4800 2817.0000
38.5000 2711.0000
38.5200 2680.0000
38.5400 2712.0000
38.5600 2812.0000
38.5800 2638.0000
38.6000 2689.0000
38.6200 2739.0000
38.6400 2725.0000
38.6600 2728.0000
38.6800 2774.0000
38.7000 2740.0000
38.7200 2706.0000
38.7400 2612.0000
38.7600 2604.0000
38.7800 2639.0000
38.8000 2667.0000
38.8200 2719.0000
38.8400 2762.0000
38.8600 2826.0000
38.8800 2768.0000
38.9000 2899.0000
38.9200 2877.0000
38.9400 2787.0000
38.9600 2660.0000
38.9800 2642.0000
39.0000 2622.0000
39.0200 2715.0000
39.0400 2659.0000
39.0600 2684.0000
39.0800 2812.0000
39.1000 2757.0000
39.1200 2819.0000
39.1400 2787.0000
39.1600 2575.0000
39.1800 2632.0000
39.2000 2641.0000
39.2200 2672.0000
39.2400 2640.0000
39.2600 2599.0000
39.2800 2683.0000
39.3000 2671.0000
39.3200 2636.0000
39.3400 2601.0000
39.3600 2631.0000
39.3800 2558.0000
39.4000 2619.0000
39.4200 2642.0000
39.4400 2566.0000
39.4600 2717.0000
39.4800 2713.0000
39.5000 2580.0000
39.5200 2627.0000
39.5400 2709.0000
39.5600 2603.0000
39.5800 2516.0000
39.6000 2660.0000
39.6200 2609.0000
39.6400 2628.0000
39.6600 2658.0000
39.6800 2580.0000
39.7000 2600.0000
39.7200 2602.0000
39.7400 2635.0000
39.7600 2587.0000
39.7800 2589.0000
39.8000 2700.0000
39.8200 2579.0000
39.8400 2591.0000
39.8600 2491.0000
39.8800 2596.0000
39.9000 2487.0000
39.9200 2496.0000
39.9400 2559.0000
39.9600 2578.0000
39.9800 2620.0000
40.0000 2592.0000
40.0200 2535.0000
40.0400 2520.0000
40.0600 2607.0000
40.0800 2577.0000
40.1000 2673.0000
40.1200 2528.0000
40.1400 2558.0000
40.1600 2561.0000
40.1800 2488.0000
40.2000 2641.0000
40.2200 2577.0000
40.2400 2597.0000
40.2600 2509.0000
40.2800 2549.0000
40.3000 2563.0000
40.3200 2495.0000
40.3400 2470.0000
40.3600 2551.0000
40.3800 2608.0000
40.4000 2569.0000
40.4200 2534.0000
40.4400 2550.0000
40.4600 2584.0000
40.4800 2483.0000
40.5000 2535.0000
40.5200 2479.0000
40.5400 2540.0000
40.5600 2479.0000
40.5800 2566.0000
40.6000 2471.0000
40.6200 2407.0000
40.6400 2625.0000
40.6600 2545.0000
40.6800 2465.0000
40.7000 2625.0000
40.7200 2529.0000
40.7400 2511.0000
40.7600 2530.0000
40.7800 2511.0000
40.8000 2602.0000
40.8200 2543.0000
40.8400 2593.0000
40.8600 2539.0000
40.8800 2572.0000
40.9000 2560.0000
40.9200 2591.0000
40.9400 2569.0000
40.9600 2490.0000
40.9800 2490.0000
41.0000 2556.0000
41.0200 2553.0000
41.0400 2526.0000
41.0600 2547.0000
41.0800 2576.0000
41.1000 2568.0000
41.1200 2574.0000
41.1400 2528.0000
41.1600 2508.0000
41.1800 2562.0000
41.2000 2497.0000
41.2200 2419.0000
41.2400 2526.0000
41.2600 2483.0000
41.2800 2596.0000
41.3000 2643.0000
41.3200 2491.0000
41.3400 2572.0000
41.3600 2543.0000
41.3800 2586.0000
41.4000 2508.0000
41.4200 2541.0000
41.4400 2553.0000
41.4600 2442.0000
41.4800 2573.0000
41.5000 2507.0000
41.5200 2478.0000
41.5400 2484.0000
41.5600 2470.0000
41.5800 2411.0000
41.6000 2382.0000
41.6200 2486.0000
41.6400 2516.0000
41.6600 2429.0000
41.6800 2439.0000
41.7000 2572.0000
41.7200 2562.0000
41.7400 2433.0000
41.7600 2467.0000
41.7800 2476.0000
41.8000 2463.0000
41.8200 2510.0000
41.8400 2448.0000
41.8600 2416.0000
41.8800 2457.0000
41.9000 2454.0000
41.9200 2517.0000
41.9400 2532.0000
41.9600 2523.0000
41.9800 2498.0000
42.0000 2455.0000
42.0200 2590.0000
42.0400 2524.0000
42.0600 2559.0000
42.0800 2534.0000
42.1000 2495.0000
42.1200 2418.0000
42.1400 2542.0000
42.1600 2411.0000
42.1800 2545.0000
42.2000 2553.0000
42.2200 2484.0000
42.2400 2550.0000
42.2600 2471.0000
42.2800 2582.0000
42.3000 2609.0000
42.3200 2527.0000
42.3400 2632.0000
42.3600 2674.0000
42.3800 2956.0000
42.4000 3393.0000
42.4200 3715.0000
42.4400 3340.0000
42.4600 2813.0000
42.4800 2632.0000
42.5000 2517.0000
42.5200 2512.0000
42.5400 2488.0000
42.5600 2426.0000
42.5800 2512.0000
42.6000 2502.0000
42.6200 2445.0000
42.6400 2473.0000
42.6600 2445.0000
42.6800 2355.0000
42.7000 2465.0000
42.7200 2449.0000
42.7400 2396.0000
42.7600 2445.0000
42.7800 2466.0000
42.8000 2433.0000
42.8200 2461.0000
42.8400 2446.0000
42.8600 2509.0000
42.8800 2442.0000
42.9000 2407.0000
42.9200 2417.0000
42.9400 2377.0000
42.9600 2382.0000
42.9800 2490.0000
43.0000 2451.0000
43.0200 2440.0000
43.0400 2427.0000
43.0600 2372.0000
43.0800 2367.0000
43.1000 2465.0000
43.1200 2506.0000
43.1400 2413.0000
43.1600 2363.0000
43.1800 2342.0000
43.2000 2475.0000
43.2200 2435.0000
43.2400 2468.0000
43.2600 2533.0000
43.2800 2420.0000
43.3000 2443.0000
43.3200 2336.0000
43.3400 2352.0000
43.3600 2336.0000
43.3800 2346.0000
43.4000 2353.0000
43.4200 2411.0000
43.4400 2357.0000
43.4600 2306.0000
43.4800 2374.0000
43.5000 2356.0000
43.5200 2418.0000
43.5400 2288.0000
43.5600 2374.0000
43.5800 2394.0000
43.6000 2380.0000
43.6200 2236.0000
43.6400 2261.0000
43.6600 2333.0000
43.6800 2382.0000
43.7000 2334.0000
43.7200 2288.0000
43.7400 2245.0000
43.7600 2330.0000
43.7800 2294.0000
43.8000 2144.0000
43.8200 2302.0000
43.8400 2321.0000
43.8600 2381.0000
43.8800 2229.0000
43.9000 2270.0000
43.9200 2327.0000
43.9400 2349.0000
43.9600 2349.0000
43.9800 2319.0000
44.0000 2351.0000
44.0200 2327.0000
44.0400 2254.0000
44.0600 2289.0000
44.0800 2249.0000
44.1000 2324.0000
44.1200 2241.0000
44.1400 2258.0000
44.1600 2270.0000
44.1800 2304.0000
44.2000 2322.0000
44.2200 2327.0000
44.2400 2247.0000
44.2600 2171.0000
44.2800 2232.0000
44.3000 2258.0000
44.3200 2226.0000
44.3400 2279.0000
44.3600 2322.0000
44.3800 2248.0000
44.4000 2314.0000
44.4200 2247.0000
44.4400 2285.0000
44.4600 2309.0000
44.4800 2324.0000
44.5000 2248.0000
44.5200 2261.0000
44.5400 2330.0000
44.5600 2242.0000
44.5800 2293.0000
44.6000 2340.0000
44.6200 2333.0000
44.6400 2344.0000
44.6600 2257.0000
44.6800 2183.0000
44.7000 2246.0000
44.7200 2266.0000
44.7400 2338.0000
44.7600 2187.0000
44.7800 2188.0000
44.8000 2273.0000
44.8200 2223.0000
44.8400 2170.0000
44.8600 2252.0000
44.8800 2186.0000
44.9000 2190.0000
44.9200 2232.0000
44.9400 2210.0000
44.9600 2228.0000
44.9800 2172.0000
45.0000 2268.0000
45.0200 2299.0000
45.0400 2246.0000
45.0600 2288.0000
45.0800 2247.0000
45.1000 2283.0000
45.1200 2144.0000
45.1400 2198.0000
45.1600 2297.0000
45.1800 2275.0000
45.2000 2254.0000
45.2200 2212.0000
45.2400 2247.0000
45.2600 2270.0000
45.2800 2260.0000
45.3000 2185.0000
45.3200 2320.0000
45.3400 2282.0000
45.3600 2382.0000
45.3800 2210.0000
45.4000 2274.0000
45.4200 2271.0000
45.4400 2294.0000
45.4600 2288.0000
45.4800 2427.0000
45.5000 2662.0000
45.5200 2891.0000
45.5400 3063.0000
45.5600 2995.0000
45.5800 2928.0000
45.6000 2914.0000
45.6200 3025.0000
45.6400 2969.0000
45.6600 2961.0000
45.6800 2968.0000
45.7000 2844.0000
45.7200 2885.0000
45.7400 2953.0000
45.7600 2841.0000
45.7800 2920.0000
45.8000 3022.0000
45.8200 2929.0000
45.8400 2911.0000
45.8600 2892.0000
45.8800 2942.0000
45.9000 2924.0000
45.9200 2956.0000
45.9400 3020.0000
45.9600 2953.0000
45.9800 2992.0000
46.0000 3031.0000
46.0200 3004.0000
46.0400 2859.0000
46.0600 2854.0000
46.0800 2834.0000
46.1000 2881.0000
46.1200 2844.0000
46.1400 2840.0000
46.1600 2934.0000
46.1800 2937.0000
46.2000 2909.0000
46.2200 2885.0000
46.2400 2955.0000
46.2600 2945.0000
46.2800 2932.0000
46.3000 2906.0000
46.3200 2850.0000
46.3400 2905.0000
46.3600 3012.0000
46.3800 2956.0000
46.4000 2949.0000
46.4200 3018.0000
46.4400 2983.0000
46.4600 2969.0000
46.4800 2992.0000
46.5000 2964.0000
46.5200 2902.0000
46.5400 3069.0000
46.5600 3056.0000
46.5800 3009.0000
46.6000 3029.0000
46.6200 3096.0000
46.6400 3036.0000
46.6600 3110.0000
46.6800 3157.0000
46.7000 3158.0000
46.7200 3151.0000
46.7400 3267.0000
46.7600 3259.0000
46.7800 3314.0000
46.8000 3450.0000
46.8200 3489.0000
46.8400 3522.0000
46.8600 3656.0000
46.8800 3767.0000
46.9000 3999.0000
46.9200 4458.0000
46.9400 5067.0000
46.9600 5861.0000
46.9800 6792.0000
47.0000 7652.0000
47.0200 7657.0000
47.0400 7788.0000
47.0600 8007.0000
47.0800 9294.0000
47.1000 11732.0000
47.1200 16995.0000
47.1400 29581.0000
47.1600 63586.0000
47.1800 167496.0000
47.2000 386282.0000
47.2200 430438.0000
47.2400 186273.0000
47.2600 66661.0000
47.2800 47653.0000
47.3000 77272.0000
47.3200 166678.0000
47.3400 222678.0000
47.3600 125609.0000
47.3800 43579.0000
47.4000 19902.0000
47.4200 12503.0000
47.4400 9440.0000
47.4600 7688.0000
47.4800 6539.0000
47.5000 5772.0000
47.5200 5131.0000
47.5400 4899.0000
47.5600 4467.0000
47.5800 4257.0000
47.6000 4047.0000
47.6200 3857.0000
47.6400 3713.0000
47.6600 3506.0000
47.6800 3397.0000
47.7000 3358.0000
47.7200 3360.0000
47.7400 3210.0000
47.7600 3150.0000
47.7800 3118.0000
47.8000 3179.0000
47.8200 2968.0000
47.8400 3074.0000
47.8600 2900.0000
47.8800 2966.0000
47.9000 2889.0000
47.9200 2805.0000
47.9400 2845.0000
47.9600 2825.0000
47.9800 2753.0000
48.0000 2761.0000
48.0200 2807.0000
48.0400 2749.0000
48.0600 2802.0000
48.0800 2735.0000
48.1000 2734.0000
48.1200 2667.0000
48.1400 2619.0000
48.1600 2652.0000
48.1800 2638.0000
48.2000 2644.0000
48.2200 2520.0000
48.2400 2552.0000
48.2600 2557.0000
48.2800 2604.0000
48.3000 2573.0000
48.3200 2537.0000
48.3400 2591.0000
48.3600 2576.0000
48.3800 2532.0000
48.4000 2498.0000
48.4200 2544.0000
48.4400 2532.0000
48.4600 2435.0000
48.4800 2439.0000
48.5000 2542.0000
48.5200 2573.0000
48.5400 2504.0000
48.5600 2513.0000
48.5800 2497.0000
48.6000 2424.0000
48.6200 2405.0000
48.6400 2404.0000
48.6600 2412.0000
48.6800 2409.0000
48.7000 2442.0000
48.7200 2376.0000
48.7400 2344.0000
48.7600 2389.0000
48.7800 2468.0000
48.8000 2360.0000
48.8200 2323.0000
48.8400 2309.0000
48.8600 2324.0000
48.8800 2325.0000
48.9000 2342.0000
48.9200 2384.0000
48.9400 2379.0000
48.9600 2291.0000
48.9800 2318.0000
49.0000 2352.0000
49.0200 2354.0000
49.0400 2292.0000
49.0600 2267.0000
49.0800 2298.0000
49.1000 2321.0000
49.1200 2318.0000
49.1400 2315.0000
49.1600 2263.0000
49.1800 2223.0000
49.2000 2310.0000
49.2200 2273.0000
49.2400 2277.0000
49.2600 2265.0000
49.2800 2311.0000
49.3000 2221.0000
49.3200 2286.0000
49.3400 2273.0000
49.3600 2221.0000
49.3800 2190.0000
49.4000 2215.0000
49.4200 2246.0000
49.4400 2246.0000
49.4600 2270.0000
49.4800 2197.0000
49.5000 2177.0000
49.5200 2221.0000
49.5400 2217.0000
49.5600 2214.0000
49.5800 2176.0000
49.6000 2173.0000
49.6200 2207.0000
49.6400 2217.0000
49.6600 2237.0000
49.6800 2248.0000
49.7000 2197.0000
49.7200 2233.0000
49.7400 2270.0000
49.7600 2194.0000
49.7800 2243.0000
49.8000 2230.0000
49.8200 2205.0000
49.8400 2223.0000
49.8600 2229.0000
49.8800 2213.0000
49.9000 2258.0000
49.9200 2185.0000
49.9400 2130.0000
49.9600 2189.0000
49.9800 2350.0000
50.0000 2233.0000
50.0200 2179.0000
50.0400 2136.0000
50.0600 2269.0000
50.0800 2199.0000
50.1000 2199.0000
50.1200 2178.0000
50.1400 2274.0000
50.1600 2244.0000
50.1800 2337.0000
50.2000 2626.0000
50.2200 2777.0000
50.2400 2658.0000
50.2600 2475.0000
50.2800 2306.0000
50.3000 2248.0000
50.3200 2238.0000
50.3400 2167.0000
50.3600 2177.0000
50.3800 2134.0000
50.4000 2102.0000
50.4200 2045.0000
50.4400 2179.0000
50.4600 2147.0000
50.4800 2133.0000
50.5000 2014.0000
50.5200 2108.0000
50.5400 2145.0000
50.5600 2082.0000
50.5800 2150.0000
50.6000 2075.0000
50.6200 2109.0000
50.6400 2117.0000
50.6600 2023.0000
50.6800 2087.0000
50.7000 2044.0000
50.7200 2115.0000
50.7400 2103.0000
50.7600 2073.0000
50.7800 2074.0000
50.8000 2034.0000
50.8200 2063.0000
50.8400 2045.0000
50.8600 2018.0000
50.8800 2099.0000
50.9000 2040.0000
50.9200 2074.0000
50.9400 2038.0000
50.9600 2014.0000
50.9800 2085.0000
51.0000 2098.0000
51.0200 2085.0000
51.0400 2050.0000
51.0600 2029.0000
51.0800 2030.0000
51.1000 2016.0000
51.1200 2011.0000
51.1400 2012.0000
51.1600 1951.0000
51.1800 1949.0000
51.2000 1935.0000
51.2200 2049.0000
51.2400 1979.0000
51.2600 1976.0000
51.2800 1955.0000
51.3000 2044.0000
51.3200 2020.0000
51.3400 2002.0000
51.3600 1970.0000
51.3800 2065.0000
51.4000 1925.0000
51.4200 1971.0000
51.4400 1963.0000
51.4600 2025.0000
51.4800 2010.0000
51.5000 2017.0000
51.5200 2025.0000
51.5400 2077.0000
51.5600 2009.0000
51.5800 1982.0000
51.6000 1946.0000
51.6200 1973.0000
51.6400 1954.0000
51.6600 1890.0000
51.6800 1952.0000
51.7000 1881.0000
51.7200 1907.0000
51.7400 1975.0000
51.7600 1902.0000
51.7800 1928.0000
51.8000 1970.0000
51.8200 1962.0000
51.8400 1942.0000
51.8600 1954.0000
51.8800 1885.0000
51.9000 2022.0000
51.9200 1942.0000
51.9400 1922.0000
51.9600 1830.0000
51.9800 1843.0000
52.0000 1900.0000
52.0200 1917.0000
52.0400 1894.0000
52.0600 1909.0000
52.0800 1877.0000
52.1000 1875.0000
52.1200 1891.0000
52.1400 1940.0000
52.1600 1917.0000
52.1800 1931.0000
52.2000 1958.0000
52.2200 2023.0000
52.2400 1985.0000
52.2600 1934.0000
52.2800 1923.0000
52.3000 1923.0000
52.3200 1861.0000
52.3400 1946.0000
52.3600 1955.0000
52.3800 1857.0000
52.4000 1943.0000
52.4200 1915.0000
52.4400 1904.0000
52.4600 1831.0000
52.4800 1857.0000
52.5000 1889.0000
52.5200 1847.0000
52.5400 1829.0000
52.5600 1841.0000
52.5800 1844.0000
52.6000 1877.0000
52.6200 1860.0000
52.6400 1892.0000
52.6600 1849.0000
52.6800 1894.0000
52.7000 1762.0000
52.7200 1859.0000
52.7400 1856.0000
52.7600 1783.0000
52.7800 1861.0000
52.8000 1809.0000
52.8200 1801.0000
52.8400 1837.0000
52.8600 1854.0000
52.8800 1826.0000
52.9000 1842.0000
52.9200 1783.0000
52.9400 1803.0000
52.9600 1836.0000
52.9800 1807.0000
53.0000 1885.0000
53.0200 1869.0000
53.0400 1799.0000
53.0600 1779.0000
53.0800 1858.0000
53.1000 1794.0000
53.1200 1824.0000
53.1400 1838.0000
53.1600 1722.0000
53.1800 1817.0000
53.2000 1768.0000
53.2200 1843.0000
53.2400 1851.0000
53.2600 1848.0000
53.2800 1863.0000
53.3000 1796.0000
53.3200 1834.0000
53.3400 1853.0000
53.3600 1834.0000
53.3800 1884.0000
53.4000 1749.0000
53.4200 1846.0000
53.4400 1764.0000
53.4600 1796.0000
53.4800 1782.0000
53.5000 1768.0000
53.5200 1735.0000
53.5400 1762.0000
53.5600 1837.0000
53.5800 1844.0000
53.6000 1781.0000
53.6200 1868.0000
53.6400 1788.0000
53.6600 1781.0000
53.6800 1809.0000
53.7000 1729.0000
53.7200 1739.0000
53.7400 1789.0000
53.7600 1832.0000
53.7800 1739.0000
53.8000 1836.0000
53.8200 1792.0000
53.8400 1828.0000
53.8600 1683.0000
53.8800 1744.0000
53.9000 1819.0000
53.9200 1867.0000
53.9400 1949.0000
53.9600 2051.0000
53.9800 2114.0000
54.0000 2163.0000
54.0200 2163.0000
54.0400 2117.0000
54.0600 2205.0000
54.0800 2178.0000
54.1000 2033.0000
54.1200 2157.0000
54.1400 2152.0000
54.1600 2124.0000
54.1800 2103.0000
54.2000 2090.0000
54.2200 2066.0000
54.2400 2103.0000
54.2600 2065.0000
54.2800 2122.0000
54.3000 2099.0000
54.3200 2101.0000
54.3400 2037.0000
54.3600 2146.0000
54.3800 2065.0000
54.4000 2091.0000
54.4200 2117.0000
54.4400 2092.0000
54.4600 2140.0000
54.4800 2120.0000
54.5000 2105.0000
54.5200 2051.0000
54.5400 2120.0000
54.5600 2037.0000
54.5800 2051.0000
54.6000 2031.0000
54.6200 2031.0000
54.6400 2030.0000
54.6600 2087.0000
54.6800 2032.0000
54.7000 2029.0000
54.7200 2096.0000
54.7400 2084.0000
54.7600 2060.0000
54.7800 2075.0000
54.8000 2093.0000
54.8200 2066.0000
54.8400 2058.0000
54.8600 2073.0000
54.8800 2067.0000
54.9000 2013.0000
54.9200 2097.0000
54.9400 2040.0000
54.9600 2108.0000
54.9800 2044.0000
55.0000 2141.0000
55.0200 2024.0000
55.0400 2117.0000
55.0600 2058.0000
55.0800 2095.0000
55.1000 2090.0000
55.1200 2122.0000
55.1400 2018.0000
55.1600 2025.0000
55.1800 2100.0000
55.2000 2109.0000
55.2200 2110.0000
55.2400 2140.0000
55.2600 2127.0000
55.2800 2099.0000
55.3000 2123.0000
55.3200 2163.0000
55.3400 2129.0000
55.3600 2178.0000
55.3800 2163.0000
55.4000 2165.0000
55.4200 2159.0000
55.4400 2169.0000
55.4600 2211.0000
55.4800 2292.0000
55.5000 2292.0000
55.5200 2302.0000
55.5400 2247.0000
55.5600 2356.0000
55.5800 2316.0000
55.6000 2415.0000
55.6200 2515.0000
55.6400 2546.0000
55.6600 2541.0000
55.6800 2704.0000
55.7000 3086.0000
55.7200 3288.0000
55.7400 3773.0000
55.7600 4183.0000
55.7800 4491.0000
55.8000 4498.0000
55.8200 4390.0000
55.8400 4248.0000
55.8600 4598.0000
55.8800 5144.0000
55.9000 5988.0000
55.9200 7733.0000
55.9400 11405.0000
55.9600 18413.0000
55.9800 36734.0000
56.0000 88636.0000
56.0200 204135.0000
56.0400 256129.0000
56.0600 127626.0000
56.0800 47102.0000
56.1000 24465.0000
56.1200 21267.0000
56.1400 32051.0000
56.1600 66622.0000
56.1800 119727.0000
56.2000 104656.0000
56.2200 45593.0000
56.2400 18606.0000
56.2600 10226.0000
56.2800 7277.0000
56.3000 5694.0000
56.3200 4742.0000
56.3400 4105.0000
56.3600 3640.0000
56.3800 3339.0000
56.4000 3113.0000
56.4200 2940.0000
56.4400 2856.0000
56.4600 2645.0000
56.4800 2643.0000
56.5000 2520.0000
56.5200 2437.0000
56.5400 2467.0000
56.5600 2367.0000
56.5800 2272.0000
56.6000 2260.0000
56.6200 2253.0000
56.6400 2227.0000
56.6600 2205.0000
56.6800 2164.0000
56.7000 2096.0000
56.7200 2140.0000
56.7400 2097.0000
56.7600 2104.0000
56.7800 2086.0000
56.8000 2003.0000
56.8200 2172.0000
56.8400 2016.0000
56.8600 2016.0000
56.8800 1979.0000
56.9000 1945.0000
56.9200 1897.0000
56.9400 1989.0000
56.9600 1926.0000
56.9800 1881.0000
57.0000 1908.0000
57.0200 1871.0000
57.0400 1845.0000
57.0600 1869.0000
57.0800 1883.0000
57.1000 1859.0000
57.1200 1894.0000
57.1400 1896.0000
57.1600 1831.0000
57.1800 1882.0000
57.2000 1766.0000
57.2200 1830.0000
57.2400 1847.0000
57.2600 1900.0000
57.2800 1809.0000
57.3000 1842.0000
57.3200 1815.0000
57.3400 1750.0000
57.3600 1777.0000
57.3800 1748.0000
57.4000 1861.0000
57.4200 1766.0000
57.4400 1763.0000
57.4600 1789.0000
57.4800 1837.0000
57.5000 1756.0000
57.5200 1790.0000
57.5400 1803.0000
57.5600 1826.0000
57.5800 1839.0000
57.6000 1733.0000
57.6200 1770.0000
57.6400 1789.0000
57.6600 1787.0000
57.6800 1735.0000
57.7000 1770.0000
57.7200 1849.0000
57.7400 1629.0000
57.7600 1675.0000
57.7800 1661.0000
57.8000 1668.0000
57.8200 1686.0000
57.8400 1640.0000
57.8600 1736.0000
57.8800 1719.0000
57.9000 1706.0000
57.9200 1659.0000
57.9400 1627.0000
57.9600 1707.0000
57.9800 1621.0000
58.0000 1729.0000
58.0200 1672.0000
58.0400 1680.0000
58.0600 1642.0000
58.0800 1603.0000
58.1000 1652.0000
58.1200 1598.0000
58.1400 1689.0000
58.1600 1649.0000
58.1800 1675.0000
58.2000 1656.0000
58.2200 1653.0000
58.2400 1676.0000
58.2600 1609.0000
58.2800 1658.0000
58.3000 1601.0000
58.3200 1613.0000
58.3400 1671.0000
58.3600 1633.0000
58.3800 1641.0000
58.4000 1713.0000
58.4200 1652.0000
58.4400 1630.0000
58.4600 1633.0000
58.4800 1600.0000
58.5000 1610.0000
58.5200 1662.0000
58.5400 1592.0000
58.5600 1550.0000
58.5800 1619.0000
58.6000 1548.0000
58.6200 1617.0000
58.6400 1631.0000
58.6600 1644.0000
58.6800 1610.0000
58.7000 1557.0000
58.7200 1588.0000
58.7400 1618.0000
58.7600 1715.0000
58.7800 1759.0000
58.8000 1589.0000
58.8200 1506.0000
58.8400 1578.0000
58.8600 1645.0000
58.8800 1652.0000
58.9000 1613.0000
58.9200 1615.0000
58.9400 1610.0000
58.9600 1649.0000
58.9800 1619.0000
59.0000 1619.0000
59.0200 1578.0000
59.0400 1533.0000
59.0600 1505.0000
59.0800 1522.0000
59.1000 1574.0000
59.1200 1530.0000
59.1400 1503.0000
59.1600 1515.0000
59.1800 1530.0000
59.2000 1559.0000
59.2200 1546.0000
59.2400 1473.0000
59.2600 1608.0000
59.2800 1521.0000
59.3000 1614.0000
59.3200 1658.0000
59.3400 1537.0000
59.3600 1551.0000
59.3800 1583.0000
59.4000 1564.0000
59.4200 1527.0000
59.4400 1616.0000
59.4600 1505.0000
59.4800 1536.0000
59.5000 1521.0000
59.5200 1569.0000
59.5400 1533.0000
59.5600 1561.0000
59.5800 1591.0000
59.6000 1549.0000
59.6200 1530.0000
59.6400 1567.0000
59.6600 1586.0000
59.6800 1586.0000
59.7000 1693.0000
59.7200 1635.0000
59.7400 1613.0000
59.7600 1729.0000
59.7800 1714.0000
59.8000 1727.0000
59.8200 1701.0000
59.8400 1807.0000
59.8600 1808.0000
59.8800 1783.0000
59.9000 1810.0000
59.9200 1854.0000
59.9400 1742.0000
59.9600 1717.0000
59.9800 1723.0000
60.0000 1697.0000
60.0200 1717.0000
60.0400 1660.0000
60.0600 1695.0000
60.0800 1663.0000
60.1000 1726.0000
60.1200 1694.0000
60.1400 1595.0000
60.1600 1589.0000
60.1800 1560.0000
60.2000 1623.0000
60.2200 1519.0000
60.2400 1546.0000
60.2600 1494.0000
60.2800 1542.0000
60.3000 1539.0000
60.3200 1511.0000
60.3400 1507.0000
60.3600 1473.0000
60.3800 1548.0000
60.4000 1505.0000
60.4200 1479.0000
60.4400 1578.0000
60.4600 1465.0000
60.4800 1562.0000
60.5000 1511.0000
60.5200 1475.0000
60.5400 1493.0000
60.5600 1452.0000
60.5800 1533.0000
60.6000 1442.0000
60.6200 1389.0000
60.6400 1471.0000
60.6600 1480.0000
60.6800 1462.0000
60.7000 1378.0000
60.7200 1478.0000
60.7400 1448.0000
60.7600 1482.0000
60.7800 1406.0000
60.8000 1490.0000
60.8200 1433.0000
60.8400 1375.0000
60.8600 1395.0000
60.8800 1455.0000
60.9000 1455.0000
60.9200 1398.0000
60.9400 1430.0000
60.9600 1415.0000
60.9800 1466.0000
61.0000 1439.0000
61.0200 1421.0000
61.0400 1412.0000
61.0600 1498.0000
61.0800 1434.0000
61.1000 1387.0000
61.1200 1461.0000
61.1400 1445.0000
61.1600 1361.0000
61.1800 1454.0000
61.2000 1461.0000
61.2200 1438.0000
61.2400 1413.0000
61.2600 1402.0000
61.2800 1406.0000
61.3000 1370.0000
61.3200 1405.0000
61.3400 1471.0000
61.3600 1456.0000
61.3800 1422.0000
61.4000 1345.0000
61.4200 1393.0000
61.4400 1465.0000
61.4600 1435.0000
61.4800 1431.0000
61.5000 1367.0000
61.5200 1439.0000
61.5400 1424.0000
61.5600 1475.0000
61.5800 1574.0000
61.6000 1583.0000
61.6200 1512.0000
61.6400 1440.0000
61.6600 1444.0000
61.6800 1455.0000
61.7000 1396.0000
61.7200 1382.0000
61.7400 1412.0000
61.7600 1394.0000
61.7800 1416.0000
61.8000 1394.0000
61.8200 1410.0000
61.8400 1449.0000
61.8600 1470.0000
61.8800 1358.0000
61.9000 1436.0000
61.9200 1413.0000
61.9400 1421.0000
61.9600 1430.0000
61.9800 1392.0000
62.0000 1339.0000
62.0200 1405.0000
62.0400 1391.0000
62.0600 1348.0000
62.0800 1346.0000
62.1000 1332.0000
62.1200 1404.0000
62.1400 1403.0000
62.1600 1394.0000
62.1800 1370.0000
62.2000 1351.0000
62.2200 1377.0000
62.2400 1301.0000
62.2600 1369.0000
62.2800 1305.0000
62.3000 1332.0000
62.3200 1351.0000
62.3400 1356.0000
62.3600 1334.0000
62.3800 1326.0000
62.4000 1311.0000
62.4200 1304.0000
62.4400 1291.0000
62.4600 1314.0000
62.4800 1291.0000
62.5000 1342.0000
62.5200 1340.0000
62.5400 1359.0000
62.5600 1341.0000
62.5800 1381.0000
62.6000 1350.0000
62.6200 1338.0000
62.6400 1305.0000
62.6600 1334.0000
62.6800 1315.0000
62.7000 1381.0000
62.7200 1361.0000
62.7400 1285.0000
62.7600 1346.0000
62.7800 1329.0000
62.8000 1265.0000
62.8200 1354.0000
62.8400 1429.0000
62.8600 1349.0000
62.8800 1310.0000
62.9000 1232.0000
62.9200 1301.0000
62.9400 1288.0000
62.9600 1250.0000
62.9800 1312.0000
63.0000 1348.0000
63.0200 1289.0000
63.0400 1300.0000
63.0600 1243.0000
63.0800 1309.0000
63.1000 1358.0000
63.1200 1297.0000
63.1400 1356.0000
63.1600 1357.0000
63.1800 1297.0000
63.2000 1312.0000
63.2200 1282.0000
63.2400 1305.0000
63.2600 1317.0000
63.2800 1379.0000
63.3000 1279.0000
63.3200 1305.0000
63.3400 1310.0000
63.3600 1266.0000
63.3800 1300.0000
63.4000 1310.0000
63.4200 1265.0000
63.4400 1280.0000
63.4600 1345.0000
63.4800 1271.0000
63.5000 1280.0000
63.5200 1261.0000
63.5400 1269.0000
63.5600 1279.0000
63.5800 1259.0000
63.6000 1252.0000
63.6200 1335.0000
63.6400 1326.0000
63.6600 1257.0000
63.6800 1307.0000
63.7000 1249.0000
63.7200 1272.0000
63.7400 1205.0000
63.7600 1343.0000
63.7800 1336.0000
63.8000 1254.0000
63.8200 1339.0000
63.8400 1271.0000
63.8600 1299.0000
63.8800 1354.0000
63.9000 1267.0000
63.9200 1344.0000
63.9400 1261.0000
63.9600 1244.0000
63.9800 1296.0000
64.0000 1318.0000
64.0200 1246.0000
64.0400 1234.0000
64.0600 1284.0000
64.0800 1287.0000
64.1000 1266.0000
64.1200 1314.0000
64.1400 1290.0000
64.1600 1269.0000
64.1800 1271.0000
64.2000 1261.0000
64.2200 1268.0000
64.2400 1278.0000
64.2600 1292.0000
64.2800 1284.0000
64.3000 1331.0000
64.3200 1226.0000
64.3400 1235.0000
64.3600 1219.0000
64.3800 1236.0000
64.4000 1256.0000
64.4200 1270.0000
64.4400 1281.0000
64.4600 1280.0000
64.4800 1237.0000
64.5000 1327.0000
64.5200 1244.0000
64.5400 1277.0000
64.5600 1267.0000
64.5800 1295.0000
64.6000 1214.0000
64.6200 1209.0000
64.6400 1300.0000
64.6600 1322.0000
64.6800 1241.0000
64.7000 1305.0000
64.7200 1203.0000
64.7400 1211.0000
64.7600 1256.0000
64.7800 1239.0000
64.8000 1243.0000
64.8200 1249.0000
64.8400 1266.0000
64.8600 1256.0000
64.8800 1191.0000
64.9000 1248.0000
64.9200 1253.0000
64.9400 1273.0000
64.9600 1268.0000
64.9800 1296.0000
65.0000 1271.0000
65.0200 1198.0000
65.0400 1280.0000
65.0600 1232.0000
65.0800 1256.0000
65.1000 1290.0000
65.1200 1253.0000
65.1400 1277.0000
65.1600 1203.0000
65.1800 1215.0000
65.2000 1239.0000
65.2200 1226.0000
65.2400 1211.0000
65.2600 1186.0000
65.2800 1225.0000
65.3000 1158.0000
65.3200 1215.0000
65.3400 1306.0000
65.3600 1195.0000
65.3800 1208.0000
65.4000 1201.0000
65.4200 1243.0000
65.4400 1271.0000
65.4600 1218.0000
65.4800 1201.0000
65.5000 1220.0000
65.5200 1213.0000
65.5400 1186.0000
65.5600 1227.0000
65.5800 1239.0000
65.6000 1252.0000
65.6200 1235.0000
65.6400 1261.0000
65.6600 1171.0000
65.6800 1217.0000
65.7000 1176.0000
65.7200 1186.0000
65.7400 1257.0000
65.7600 1281.0000
65.7800 1186.0000
65.8000 1190.0000
65.8200 1270.0000
65.8400 1275.0000
65.8600 1241.0000
65.8800 1182.0000
65.9000 1222.0000
65.9200 1216.0000
65.9400 1219.0000
65.9600 1180.0000
65.9800 1171.0000
66.0000 1099.0000
66.0200 1268.0000
66.0400 1170.0000
66.0600 1204.0000
66.0800 1174.0000
66.1000 1210.0000
66.1200 1222.0000
66.1400 1155.0000
66.1600 1239.0000
66.1800 1212.0000
66.2000 1170.0000
66.2200 1258.0000
66.2400 1248.0000
66.2600 1252.0000
66.2800 1210.0000
66.3000 1254.0000
66.3200 1187.0000
66.3400 1260.0000
66.3600 1306.0000
66.3800 1279.0000
66.4000 1321.0000
66.4200 1287.0000
66.4400 1265.0000
66.4600 1301.0000
66.4800 1225.0000
66.5000 1197.0000
66.5200 1233.0000
66.5400 1225.0000
66.5600 1305.0000
66.5800 1267.0000
66.6000 1315.0000
66.6200 1300.0000
66.6400 1311.0000
66.6600 1365.0000
66.6800 1288.0000
66.7000 1220.0000
66.7200 1215.0000
66.7400 1246.0000
66.7600 1244.0000
66.7800 1256.0000
66.8000 1292.0000
66.8200 1293.0000
66.8400 1333.0000
66.8600 1283.0000
66.8800 1399.0000
66.9000 1270.0000
66.9200 1244.0000
66.9400 1218.0000
66.9600 1362.0000
66.9800 1309.0000
67.0000 1291.0000
67.0200 1237.0000
67.0400 1244.0000
67.0600 1326.0000
67.0800 1245.0000
67.1000 1292.0000
67.1200 1279.0000
67.1400 1305.0000
67.1600 1293.0000
67.1800 1264.0000
67.2000 1311.0000
67.2200 1255.0000
67.2400 1306.0000
67.2600 1290.0000
67.2800 1258.0000
67.3000 1302.0000
67.3200 1288.0000
67.3400 1267.0000
67.3600 1243.0000
67.3800 1287.0000
67.4000 1285.0000
67.4200 1282.0000
67.4400 1277.0000
67.4600 1303.0000
67.4800 1259.0000
67.5000 1265.0000
67.5200 1262.0000
67.5400 1310.0000
67.5600 1264.0000
67.5800 1291.0000
67.6000 1265.0000
67.6200 1276.0000
67.6400 1257.0000
67.6600 1300.0000
67.6800 1252.0000
67.7000 1256.0000
67.7200 1313.0000
67.7400 1341.0000
67.7600 1254.0000
67.7800 1337.0000
67.8000 1391.0000
67.8200 1526.0000
67.8400 1488.0000
67.8600 1466.0000
67.8800 1408.0000
67.9000 1297.0000
67.9200 1387.0000
67.9400 1316.0000
67.9600 1283.0000
67.9800 1328.0000
68.0000 1287.0000
68.0200 1281.0000
68.0400 1270.0000
68.0600 1255.0000
68.0800 1222.0000
68.1000 1358.0000
68.1200 1333.0000
68.1400 1299.0000
68.1600 1327.0000
68.1800 1251.0000
68.2000 1302.0000
68.2200 1399.0000
68.2400 1298.0000
68.2600 1260.0000
68.2800 1338.0000
68.3000 1338.0000
68.3200 1295.0000
68.3400 1265.0000
68.3600 1247.0000
68.3800 1344.0000
68.4000 1310.0000
68.4200 1262.0000
68.4400 1318.0000
68.4600 1270.0000
68.4800 1334.0000
68.5000 1359.0000
68.5200 1335.0000
68.5400 1322.0000
68.5600 1373.0000
68.5800 1374.0000
68.6000 1377.0000
68.6200 1412.0000
68.6400 1546.0000
68.6600 1591.0000
68.6800 1687.0000
68.7000 1646.0000
68.7200 1715.0000
68.7400 1775.0000
68.7600 1746.0000
68.7800 1686.0000
68.8000 1635.0000
68.8200 1697.0000
68.8400 1831.0000
68.8600 1948.0000
68.8800 2129.0000
68.9000 2391.0000
68.9200 2763.0000
68.9400 3592.0000
68.9600 4760.0000
68.9800 7559.0000
69.0000 14641.0000
69.0200 31388.0000
69.0400 56944.0000
69.0600 54035.0000
69.0800 26034.0000
69.1000 11876.0000
69.1200 6804.0000
69.1400 5018.0000
69.1600 4866.0000
69.1800 6064.0000
69.2000 9661.0000
69.2200 18612.0000
69.2400 28701.0000
69.2600 24433.0000
69.2800 12647.0000
69.3000 6296.0000
69.3200 3861.0000
69.3400 2926.0000
69.3600 2304.0000
69.3800 2101.0000
69.4000 1833.0000
69.4200 1803.0000
69.4400 1636.0000
69.4600 1536.0000
69.4800 1510.0000
69.5000 1534.0000
69.5200 1500.0000
69.5400 1458.0000
69.5600 1418.0000
69.5800 1458.0000
69.6000 1404.0000
69.6200 1430.0000
69.6400 1313.0000
69.6600 1384.0000
69.6800 1341.0000
69.7000 1307.0000
69.7200 1333.0000
69.7400 1324.0000
69.7600 1283.0000
69.7800 1316.0000
69.8000 1252.0000
69.8200 1228.0000
69.8400 1298.0000
69.8600 1271.0000
69.8800 1251.0000
69.9000 1269.0000
69.9200 1286.0000
69.9400 1227.0000
69.9600 1223.0000
69.9800 1285.0000
70.0000 1205.0000
70.0200 1277.0000
70.0400 1214.0000
70.0600 1196.0000
70.0800 1204.0000
70.1000 1223.0000
70.1200 1256.0000
70.1400 1220.0000
70.1600 1240.0000
70.1800 1241.0000
70.2000 1189.0000
70.2200 1199.0000
70.2400 1200.0000
70.2600 1226.0000
70.2800 1234.0000
70.3000 1225.0000
70.3200 1216.0000
70.3400 1233.0000
70.3600 1214.0000
70.3800 1211.0000
70.4000 1151.0000
70.4200 1193.0000
70.4400 1219.0000
70.4600 1148.0000
70.4800 1130.0000
70.5000 1254.0000
70.5200 1206.0000
70.5400 1248.0000
70.5600 1214.0000
70.5800 1260.0000
70.6000 1220.0000
70.6200 1198.0000
70.6400 1229.0000
70.6600 1185.0000
70.6800 1189.0000
70.7000 1215.0000
70.7200 1201.0000
70.7400 1176.0000
70.7600 1181.0000
70.7800 1189.0000
70.8000 1163.0000
70.8200 1123.0000
70.8400 1194.0000
70.8600 1171.0000
70.8800 1174.0000
70.9000 1140.0000
70.9200 1132.0000
70.9400 1161.0000
70.9600 1205.0000
70.9800 1182.0000
71.0000 1178.0000
71.0200 1133.0000
71.0400 1199.0000
71.0600 1129.0000
71.0800 1172.0000
71.1000 1129.0000
71.1200 1200.0000
71.1400 1146.0000
71.1600 1174.0000
71.1800 1216.0000
71.2000 1202.0000
71.2200 1148.0000
71.2400 1186.0000
71.2600 1223.0000
71.2800 1224.0000
71.3000 1176.0000
71.3200 1177.0000
71.3400 1234.0000
71.3600 1130.0000
71.3800 1174.0000
71.4000 1225.0000
71.4200 1157.0000
71.4400 1218.0000
71.4600 1160.0000
71.4800 1283.0000
71.5000 1234.0000
71.5200 1240.0000
71.5400 1221.0000
71.5600 1334.0000
71.5800 1275.0000
71.6000 1290.0000
71.6200 1324.0000
71.6400 1308.0000
71.6600 1348.0000
71.6800 1379.0000
71.7000 1313.0000
71.7200 1300.0000
71.7400 1302.0000
71.7600 1366.0000
71.7800 1231.0000
71.8000 1279.0000
71.8200 1251.0000
71.8400 1300.0000
71.8600 1238.0000
71.8800 1279.0000
71.9000 1293.0000
71.9200 1266.0000
71.9400 1195.0000
71.9600 1283.0000
71.9800 1243.0000
72.0000 1174.0000
72.0200 1173.0000
72.0400 1167.0000
72.0600 1163.0000
72.0800 1135.0000
72.1000 1131.0000
72.1200 1140.0000
72.1400 1182.0000
72.1600 1183.0000
72.1800 1125.0000
72.2000 1124.0000
72.2200 1197.0000
72.2400 1129.0000
72.2600 1170.0000
72.2800 1148.0000
72.3000 1126.0000
72.3200 1143.0000
72.3400 1137.0000
72.3600 1120.0000
72.3800 1120.0000
72.4000 1156.0000
72.4200 1199.0000
72.4400 1175.0000
72.4600 1123.0000
72.4800 1139.0000
72.5000 1110.0000
72.5200 1084.0000
72.5400 1137.0000
72.5600 1084.0000
72.5800 1219.0000
72.6000 1117.0000
72.6200 1124.0000
72.6400 1139.0000
72.6600 1178.0000
72.6800 1118.0000
72.7000 1092.0000
72.7200 1089.0000
72.7400 1125.0000
72.7600 1154.0000
72.7800 1128.0000
72.8000 1144.0000
72.8200 1179.0000
72.8400 1133.0000
72.8600 1127.0000
72.8800 1097.0000
72.9000 1084.0000
72.9200 1112.0000
72.9400 1127.0000
72.9600 1129.0000
72.9800 1096.0000
73.0000 1100.0000
73.0200 1110.0000
73.0400 1170.0000
73.0600 1129.0000
73.0800 1104.0000
73.1000 1098.0000
73.1200 1157.0000
73.1400 1181.0000
73.1600 1112.0000
73.1800 1097.0000
73.2000 1141.0000
73.2200 1112.0000
73.2400 1213.0000
73.2600 1179.0000
73.2800 1178.0000
73.3000 1264.0000
73.3200 1242.0000
73.3400 1241.0000
73.3600 1236.0000
73.3800 1239.0000
73.4000 1263.0000
73.4200 1231.0000
73.4400 1252.0000
73.4600 1250.0000
73.4800 1244.0000
73.5000 1265.0000
73.5200 1204.0000
73.5400 1207.0000
73.5600 1239.0000
73.5800 1222.0000
73.6000 1215.0000
73.6200 1185.0000
73.6400 1170.0000
73.6600 1204.0000
73.6800 1165.0000
73.7000 1213.0000
73.7200 1242.0000
73.7400 1240.0000
73.7600 1187.0000
73.7800 1176.0000
73.8000 1165.0000
73.8200 1208.0000
73.8400 1196.0000
73.8600 1205.0000
73.8800 1183.0000
73.9000 1224.0000
73.9200 1200.0000
73.9400 1195.0000
73.9600 1201.0000
73.9800 1175.0000
74.0000 1220.0000
74.0200 1178.0000
74.0400 1205.0000
74.0600 1181.0000
74.0800 1204.0000
74.1000 1253.0000
74.1200 1189.0000
74.1400 1159.0000
74.1600 1179.0000
74.1800 1197.0000
74.2000 1168.0000
74.2200 1204.0000
74.2400 1178.0000
74.2600 1206.0000
74.2800 1196.0000
74.3000 1150.0000
74.3200 1111.0000
74.3400 1192.0000
74.3600 1221.0000
74.3800 1144.0000
74.4000 1187.0000
74.4200 1262.0000
74.4400 1221.0000
74.4600 1191.0000
74.4800 1187.0000
74.5000 1129.0000
74.5200 1150.0000
74.5400 1230.0000
74.5600 1197.0000
74.5800 1235.0000
74.6000 1191.0000
74.6200 1224.0000
74.6400 1230.0000
74.6600 1190.0000
74.6800 1279.0000
74.7000 1192.0000
74.7200 1242.0000
74.7400 1178.0000
74.7600 1248.0000
74.7800 1218.0000
74.8000 1203.0000
74.8200 1215.0000
74.8400 1188.0000
74.8600 1138.0000
74.8800 1284.0000
74.9000 1176.0000
74.9200 1250.0000
74.9400 1193.0000
74.9600 1168.0000
74.9800 1269.0000
75.0000 1246.0000
75.0200 1243.0000
75.0400 1223.0000
75.0600 1195.0000
75.0800 1214.0000
75.1000 1196.0000
75.1200 1283.0000
75.1400 1229.0000
75.1600 1289.0000
75.1800 1310.0000
75.2000 1235.0000
75.2200 1256.0000
75.2400 1242.0000
75.2600 1199.0000
75.2800 1233.0000
75.3000 1219.0000
75.3200 1216.0000
75.3400 1241.0000
75.3600 1287.0000
75.3800 1253.0000
75.4000 1276.0000
75.4200 1256.0000
75.4400 1253.0000
75.4600 1293.0000
75.4800 1313.0000
75.5000 1317.0000
75.5200 1327.0000
75.5400 1289.0000
75.5600 1324.0000
75.5800 1310.0000
75.6000 1295.0000
75.6200 1348.0000
75.6400 1265.0000
75.6600 1322.0000
75.6800 1406.0000
75.7000 1370.0000
75.7200 1399.0000
75.7400 1375.0000
75.7600 1342.0000
75.7800 1458.0000
75.8000 1480.0000
75.8200 1619.0000
75.8400 1689.0000
75.8600 1667.0000
75.8800 1787.0000
75.9000 1880.0000
75.9200 1938.0000
75.9400 1972.0000
75.9600 1942.0000
75.9800 1909.0000
76.0000 1891.0000
76.0200 1815.0000
76.0400 1828.0000
76.0600 2063.0000
76.0800 2127.0000
76.1000 2354.0000
76.1200 2621.0000
76.1400 2944.0000
76.1600 3396.0000
76.1800 4548.0000
76.2000 6073.0000
76.2200 9372.0000
76.2400 16542.0000
76.2600 33804.0000
76.2800 69665.0000
76.3000 94680.0000
76.3200 61187.0000
76.3400 28444.0000
76.3600 14379.0000
76.3800 8745.0000
76.4000 6522.0000
76.4200 5905.0000
76.4400 6672.0000
76.4600 9302.0000
76.4800 16134.0000
76.5000 30266.0000
76.5200 44023.0000
76.5400 35336.0000
76.5600 18917.0000
76.5800 9344.0000
76.6000 5576.0000
76.6200 4021.0000
76.6400 3096.0000
76.6600 2684.0000
76.6800 2260.0000
76.7000 2091.0000
76.7200 1954.0000
76.7400 1872.0000
76.7600 1875.0000
76.7800 1744.0000
76.8000 1608.0000
76.8200 1547.0000
76.8400 1513.0000
76.8600 1524.0000
76.8800 1472.0000
76.9000 1464.0000
76.9200 1407.0000
76.9400 1400.0000
76.9600 1402.0000
76.9800 1351.0000
77.0000 1417.0000
77.0200 1394.0000
77.0400 1425.0000
77.0600 1295.0000
77.0800 1285.0000
77.1000 1253.0000
77.1200 1306.0000
77.1400 1213.0000
77.1600 1289.0000
77.1800 1344.0000
77.2000 1328.0000
77.2200 1335.0000
77.2400 1271.0000
77.2600 1272.0000
77.2800 1298.0000
77.3000 1250.0000
77.3200 1273.0000
77.3400 1287.0000
77.3600 1262.0000
77.3800 1277.0000
77.4000 1292.0000
77.4200 1262.0000
77.4400 1280.0000
77.4600 1244.0000
77.4800 1233.0000
77.5000 1209.0000
77.5200 1261.0000
77.5400 1238.0000
77.5600 1282.0000
77.5800 1250.0000
77.6000 1221.0000
77.6200 1221.0000
77.6400 1325.0000
77.6600 1304.0000
77.6800 1395.0000
77.7000 1413.0000
77.7200 1494.0000
77.7400 1410.0000
77.7600 1316.0000
77.7800 1242.0000
77.8000 1205.0000
77.8200 1198.0000
77.8400 1148.0000
77.8600 1211.0000
77.8800 1140.0000
77.9000 1171.0000
77.9200 1212.0000
77.9400 1217.0000
77.9600 1219.0000
77.9800 1206.0000
78.0000 1209.0000
78.0200 1190.0000
78.0400 1169.0000
78.0600 1227.0000
78.0800 1181.0000
78.1000 1159.0000
78.1200 1189.0000
78.1400 1165.0000
78.1600 1176.0000
78.1800 1063.0000
78.2000 1140.0000
78.2200 1138.0000
78.2400 1182.0000
78.2600 1110.0000
78.2800 1117.0000
78.3000 1211.0000
78.3200 1148.0000
78.3400 1141.0000
78.3600 1154.0000
78.3800 1178.0000
78.4000 1142.0000
78.4200 1162.0000
78.4400 1198.0000
78.4600 1129.0000
78.4800 1115.0000
78.5000 1071.0000
78.5200 1174.0000
78.5400 1093.0000
78.5600 1099.0000
78.5800 1118.0000
78.6000 1122.0000
78.6200 1166.0000
78.6400 1108.0000
78.6600 1109.0000
78.6800 1151.0000
78.7000 1119.0000
78.7200 1158.0000
78.7400 1097.0000
78.7600 1111.0000
78.7800 1120.0000
78.8000 1153.0000
78.8200 1166.0000
78.8400 1155.0000
78.8600 1098.0000
78.8800 1084.0000
78.9000 1192.0000
78.9200 1183.0000
78.9400 1097.0000
78.9600 1097.0000
78.9800 1158.0000
79.0000 1152.0000
79.0200 1132.0000
79.0400 1064.0000
79.0600 1089.0000
79.0800 1102.0000
79.1000 1115.0000
79.1200 1121.0000
79.1400 1062.0000
79.1600 1122.0000
79.1800 1002.0000
79.2000 1066.0000
79.2200 1144.0000
79.2400 1104.0000
79.2600 1088.0000
79.2800 1071.0000
79.3000 1153.0000
79.3200 1048.0000
79.3400 1173.0000
79.3600 1140.0000
79.3800 1072.0000
79.4000 1067.0000
79.4200 1062.0000
79.4400 1115.0000
79.4600 1126.0000
79.4800 1066.0000
79.5000 1142.0000
79.5200 1161.0000
79.5400 1145.0000
79.5600 1103.0000
79.5800 1092.0000
79.6000 1120.0000
79.6200 1057.0000
79.6400 1124.0000
79.6600 1076.0000
79.6800 1089.0000
79.7000 1063.0000
79.7200 1152.0000
79.7400 1162.0000
79.7600 1073.0000
79.7800 1062.0000
79.8000 1103.0000
79.8200 1118.0000
79.8400 1129.0000
79.8600 1067.0000
79.8800 1030.0000
79.9000 1053.0000
79.9200 1117.0000
79.9400 1106.0000
79.9600 1076.0000
79.9800 1068.0000
80.0000 1079.0000
80.0200 1057.0000
80.0400 1095.0000
80.0600 1105.0000
80.0800 1041.0000
80.1000 1103.0000
80.1200 1090.0000
80.1400 1039.0000
80.1600 1070.0000
80.1800 1116.0000
80.2000 1057.0000
80.2200 1018.0000
80.2400 1091.0000
80.2600 1124.0000
80.2800 1094.0000
80.3000 1111.0000
80.3200 1061.0000
80.3400 1103.0000
80.3600 1087.0000
80.3800 1108.0000
80.4000 1117.0000
80.4200 1037.0000
80.4400 1084.0000
80.4600 1065.0000
80.4800 1056.0000
80.5000 1129.0000
80.5200 1085.0000
80.5400 1097.0000
80.5600 1096.0000
80.5800 1050.0000
80.6000 1087.0000
80.6200 1089.0000
80.6400 1082.0000
80.6600 1116.0000
80.6800 1107.0000
80.7000 1064.0000
80.7200 1054.0000
80.7400 1070.0000
80.7600 1048.0000
80.7800 1057.0000
80.8000 1045.0000
80.8200 1084.0000
80.8400 1072.0000
80.8600 1078.0000
80.8800 1086.0000
80.9000 1081.0000
80.9200 1090.0000
80.9400 1048.0000
80.9600 1111.0000
80.9800 1090.0000
81.0000 1053.0000
81.0200 1068.0000
81.0400 1069.0000
81.0600 1038.0000
81.0800 1068.0000
81.1000 1053.0000
81.1200 1113.0000
81.1400 1101.0000
81.1600 1093.0000
81.1800 1014.0000
81.2000 1119.0000
81.2200 1129.0000
81.2400 1082.0000
81.2600 987.0000
81.2800 1087.0000
81.3000 1084.0000
81.3200 1087.0000
81.3400 1081.0000
81.3600 1069.0000
81.3800 996.0000
81.4000 1084.0000
81.4200 1036.0000
81.4400 1054.0000
81.4600 1041.0000
81.4800 1110.0000
81.5000 1056.0000
81.5200 982.0000
81.5400 1042.0000
81.5600 1067.0000
81.5800 1094.0000
81.6000 1036.0000
81.6200 1033.0000
81.6400 1048.0000
81.6600 1054.0000
81.6800 1098.0000
81.7000 1076.0000
81.7200 1102.0000
81.7400 1091.0000
81.7600 1069.0000
81.7800 1086.0000
81.8000 1073.0000
81.8200 1120.0000
81.8400 1058.0000
81.8600 1055.0000
81.8800 1090.0000
81.9000 1110.0000
81.9200 1087.0000
81.9400 1089.0000
81.9600 1076.0000
81.9800 1061.0000
82.0000 1057.0000
82.0200 1074.0000
82.0400 979.0000
82.0600 1027.0000
82.0800 1055.0000
82.1000 1087.0000
82.1200 1096.0000
82.1400 1032.0000
82.1600 1060.0000
82.1800 1076.0000
82.2000 1058.0000
82.2200 1055.0000
82.2400 988.0000
82.2600 1075.0000
82.2800 1103.0000
82.3000 1017.0000
82.3200 1069.0000
82.3400 1020.0000
82.3600 1049.0000
82.3800 1062.0000
82.4000 1061.0000
82.4200 1075.0000
82.4400 1032.0000
82.4600 1043.0000
82.4800 983.0000
82.5000 1060.0000
82.5200 1096.0000
82.5400 1100.0000
82.5600 1079.0000
82.5800 1083.0000
82.6000 1101.0000
82.6200 1054.0000
82.6400 1127.0000
82.6600 1089.0000
82.6800 1126.0000
82.7000 1065.0000
82.7200 1058.0000
82.7400 1086.0000
82.7600 1014.0000
82.7800 1025.0000
82.8000 1026.0000
82.8200 1078.0000
82.8400 1032.0000
82.8600 1048.0000
82.8800 1094.0000
82.9000 1110.0000
82.9200 1081.0000
82.9400 1085.0000
82.9600 1066.0000
82.9800 1104.0000
83.0000 1078.0000
83.0200 1078.0000
83.0400 1062.0000
83.0600 1029.0000
83.0800 1034.0000
83.1000 1072.0000
83.1200 1069.0000
83.1400 1064.0000
83.1600 1027.0000
83.1800 1056.0000
83.2000 1082.0000
83.2200 1018.0000
83.2400 1041.0000
83.2600 1094.0000
83.2800 1040.0000
83.3000 1063.0000
83.3200 1071.0000
83.3400 1041.0000
83.3600 1083.0000
83.3800 1139.0000
83.4000 1207.0000
83.4200 1189.0000
83.4400 1208.0000
83.4600 1240.0000
83.4800 1170.0000
83.5000 1145.0000
83.5200 1139.0000
83.5400 1082.0000
83.5600 1053.0000
83.5800 1093.0000
83.6000 1123.0000
83.6200 1100.0000
83.6400 1045.0000
83.6600 1053.0000
83.6800 1104.0000
83.7000 1083.0000
83.7200 1098.0000
83.7400 1116.0000
83.7600 1051.0000
83.7800 1108.0000
83.8000 1067.0000
83.8200 1139.0000
83.8400 1091.0000
83.8600 1039.0000
83.8800 1115.0000
83.9000 1088.0000
83.9200 1074.0000
83.9400 1066.0000
83.9600 1032.0000
83.9800 1107.0000
84.0000 1066.0000
84.0200 1113.0000
84.0400 1090.0000
84.0600 1051.0000
84.0800 1032.0000
84.1000 1053.0000
84.1200 1092.0000
84.1400 1042.0000
84.1600 1078.0000
84.1800 1111.0000
84.2000 1082.0000
84.2200 1114.0000
84.2400 1135.0000
84.2600 1172.0000
84.2800 1149.0000
84.3000 1195.0000
84.3200 1136.0000
84.3400 1150.0000
84.3600 1178.0000
84.3800 1189.0000
84.4000 1188.0000
84.4200 1166.0000
84.4400 1224.0000
84.4600 1113.0000
84.4800 1106.0000
84.5000 1197.0000
84.5200 1171.0000
84.5400 1138.0000
84.5600 1055.0000
84.5800 1125.0000
84.6000 1184.0000
84.6200 1215.0000
84.6400 1196.0000
84.6600 1183.0000
84.6800 1238.0000
84.7000 1142.0000
84.7200 1186.0000
84.7400 1139.0000
84.7600 1183.0000
84.7800 1135.0000
84.8000 1147.0000
84.8200 1149.0000
84.8400 1138.0000
84.8600 1155.0000
84.8800 1196.0000
84.9000 1132.0000
84.9200 1188.0000
84.9400 1122.0000
84.9600 1156.0000
84.9800 1113.0000
85.0000 1120.0000
85.0200 1188.0000
85.0400 1160.0000
85.0600 1181.0000
85.0800 1148.0000
85.1000 1151.0000
85.1200 1140.0000
85.1400 1167.0000
85.1600 1160.0000
85.1800 1224.0000
85.2000 1200.0000
85.2200 1090.0000
85.2400 1124.0000
85.2600 1137.0000
85.2800 1126.0000
85.3000 1198.0000
85.3200 1254.0000
85.3400 1217.0000
85.3600 1220.0000
85.3800 1155.0000
85.4000 1176.0000
85.4200 1089.0000
85.4400 1139.0000
85.4600 1115.0000
85.4800 1231.0000
85.5000 1159.0000
85.5200 1159.0000
85.5400 1121.0000
85.5600 1128.0000
85.5800 1144.0000
85.6000 1152.0000
85.6200 1153.0000
85.6400 1155.0000
85.6600 1116.0000
85.6800 1156.0000
85.7000 1160.0000
85.7200 1097.0000
85.7400 1199.0000
85.7600 1146.0000
85.7800 1123.0000
85.8000 1138.0000
85.8200 1119.0000
85.8400 1170.0000
85.8600 1132.0000
85.8800 1137.0000
85.9000 1149.0000
85.9200 1167.0000
85.9400 1187.0000
85.9600 1113.0000
85.9800 1152.0000
86.0000 1189.0000
86.0200 1174.0000
86.0400 1183.0000
86.0600 1202.0000
86.0800 1146.0000
86.1000 1125.0000
86.1200 1095.0000
86.1400 1123.0000
86.1600 1205.0000
86.1800 1192.0000
86.2000 1174.0000
86.2200 1121.0000
86.2400 1137.0000
86.2600 1146.0000
86.2800 1215.0000
86.3000 1155.0000
86.3200 1198.0000
86.3400 1199.0000
86.3600 1175.0000
86.3800 1160.0000
86.4000 1201.0000
86.4200 1201.0000
86.4400 1187.0000
86.4600 1244.0000
86.4800 1194.0000
86.5000 1241.0000
86.5200 1217.0000
86.5400 1222.0000
86.5600 1147.0000
86.5800 1187.0000
86.6000 1193.0000
86.6200 1247.0000
86.6400 1202.0000
86.6600 1189.0000
86.6800 1245.0000
86.7000 1211.0000
86.7200 1257.0000
86.7400 1229.0000
86.7600 1324.0000
86.7800 1209.0000
86.8000 1196.0000
86.8200 1239.0000
86.8400 1298.0000
86.8600 1247.0000
86.8800 1225.0000
86.9000 1270.0000
86.9200 1262.0000
86.9400 1261.0000
86.9600 1291.0000
86.9800 1218.0000
87.0000 1253.0000
87.0200 1301.0000
87.0400 1285.0000
87.0600 1303.0000
87.0800 1313.0000
87.1000 1273.0000
87.1200 1331.0000
87.1400 1339.0000
87.1600 1244.0000
87.1800 1307.0000
87.2000 1356.0000
87.2200 1316.0000
87.2400 1360.0000
87.2600 1335.0000
87.2800 1415.0000
87.3000 1402.0000
87.3200 1426.0000
87.3400 1463.0000
87.3600 1448.0000
87.3800 1581.0000
87.4000 1661.0000
87.4200 1693.0000
87.4400 1820.0000
87.4600 1903.0000
87.4800 1939.0000
87.5000 2025.0000
87.5200 2037.0000
87.5400 2067.0000
87.5600 1929.0000
87.5800 1954.0000
87.6000 1918.0000
87.6200 1940.0000
87.6400 1946.0000
87.6600 1979.0000
87.6800 2218.0000
87.7000 2235.0000
87.7200 2476.0000
87.7400 2687.0000
87.7600 2970.0000
87.7800 3439.0000
87.8000 3872.0000
87.8200 4689.0000
87.8400 5991.0000
87.8600 8341.0000
87.8800 12461.0000
87.9000 21043.0000
87.9200 40628.0000
87.9400 79953.0000
87.9600 112886.0000
87.9800 83490.0000
88.0000 43815.0000
88.0200 23907.0000
88.0400 14167.0000
88.0600 9404.0000
88.0800 7310.0000
88.1000 6292.0000
88.1200 6187.0000
88.1400 7080.0000
88.1600 9088.0000
88.1800 14171.0000
88.2000 25059.0000
88.2200 42838.0000
88.2400 51313.0000
88.2600 37836.0000
88.2800 21371.0000
88.3000 12127.0000
88.3200 7566.0000
88.3400 5145.0000
88.3600 3982.0000
88.3800 3299.0000
88.4000 2868.0000
88.4200 2613.0000
88.4400 2334.0000
88.4600 2185.0000
88.4800 2036.0000
88.5000 1991.0000
88.5200 1881.0000
88.5400 1724.0000
88.5600 1709.0000
88.5800 1656.0000
88.6000 1562.0000
88.6200 1543.0000
88.6400 1550.0000
88.6600 1541.0000
88.6800 1545.0000
88.7000 1458.0000
88.7200 1414.0000
88.7400 1406.0000
88.7600 1488.0000
88.7800 1403.0000
88.8000 1387.0000
88.8200 1348.0000
88.8400 1387.0000
88.8600 1338.0000
88.8800 1359.0000
88.9000 1387.0000
88.9200 1374.0000
88.9400 1336.0000
88.9600 1325.0000
88.9800 1312.0000
89.0000 1289.0000
89.0200 1292.0000
89.0400 1363.0000
89.0600 1254.0000
89.0800 1254.0000
89.1000 1251.0000
89.1200 1293.0000
89.1400 1229.0000
89.1600 1283.0000
89.1800 1225.0000
89.2000 1252.0000
89.2200 1246.0000
89.2400 1209.0000
89.2600 1226.0000
89.2800 1231.0000
89.3000 1189.0000
89.3200 1209.0000
89.3400 1205.0000
89.3600 1184.0000
89.3800 1245.0000
89.4000 1227.0000
89.4200 1225.0000
89.4400 1194.0000
89.4600 1249.0000
89.4800 1137.0000
89.5000 1179.0000
89.5200 1220.0000
89.5400 1210.0000
89.5600 1169.0000
89.5800 1208.0000
89.6000 1158.0000
89.6200 1160.0000
89.6400 1126.0000
89.6600 1184.0000
89.6800 1143.0000
89.7000 1178.0000
89.7200 1177.0000
89.7400 1149.0000
89.7600 1170.0000
89.7800 1107.0000
89.8000 1114.0000
89.8200 1158.0000
89.8400 1176.0000
89.8600 1183.0000
89.8800 1171.0000
89.9000 1163.0000
89.9200 1212.0000
89.9400 1087.0000
89.9600 1105.0000
89.9800 1165.0000
90.0000 1135.0000
